0.00000 0.03719 5.75517
0.02007 0.03763 5.75427
0.04013 0.03896 5.75156
0.06020 0.04117 5.74704
0.08027 0.04426 5.74073
0.10033 0.04823 5.73263
0.12040 0.05307 5.72275
0.14047 0.05878 5.71111
0.16054 0.06533 5.69771
0.18060 0.07273 5.68259
0.20067 0.08097 5.66575
0.22074 0.09002 5.64723
0.24080 0.09987 5.62703
0.26087 0.11052 5.60520
0.28094 0.12194 5.58176
0.30100 0.13412 5.55675
0.32107 0.14703 5.53018
0.34114 0.16064 5.50211
0.36120 0.17494 5.47255
0.38127 0.18991 5.44155
0.40134 0.20550 5.40916
0.42140 0.22170 5.37540
0.44147 0.23846 5.34032
0.46154 0.25577 5.30396
0.48161 0.27358 5.26637
0.50167 0.29186 5.22759
0.52174 0.31057 5.18767
0.54181 0.32968 5.14665
0.56187 0.34913 5.10458
0.58194 0.36890 5.06151
0.60201 0.38894 5.01749
0.62207 0.40920 4.97256
0.64214 0.42964 4.92677
0.66221 0.45022 4.88018
0.68227 0.47089 4.83284
0.70234 0.49160 4.78478
0.72241 0.51230 4.73606
0.74247 0.53296 4.68674
0.76254 0.55352 4.63685
0.78261 0.57394 4.58645
0.80268 0.59416 4.53559
0.82274 0.61416 4.48430
0.84281 0.63387 4.43265
0.86288 0.65326 4.38067
0.88294 0.67228 4.32841
0.90301 0.69089 4.27591
0.92308 0.70906 4.22323
0.94314 0.72674 4.17039
0.96321 0.74389 4.11745
0.98328 0.76046 4.06443
1.00334 0.77646 4.01140
1.02341 0.79184 3.95837
1.04348 0.80657 3.90539
1.06355 0.82062 3.85250
1.08361 0.83396 3.79973
1.10368 0.84658 3.74711
1.12375 0.85846 3.69468
1.14381 0.86957 3.64246
1.16388 0.87990 3.59050
1.18395 0.88945 3.53880
1.20401 0.89820 3.48741
1.22408 0.90614 3.43635
1.24415 0.91327 3.38565
1.26421 0.91959 3.33532
1.28428 0.92510 3.28539
1.30435 0.92980 3.23588
1.32441 0.93369 3.18681
1.34448 0.93675 3.13819
1.36455 0.93906 3.09005
1.38462 0.94059 3.04241
1.40468 0.94136 2.99527
1.42475 0.94138 2.94865
1.44482 0.94066 2.90256
1.46488 0.93923 2.85702
1.48495 0.93710 2.81203
1.50502 0.93429 2.76760
1.52508 0.93083 2.72374
1.54515 0.92674 2.68047
1.56522 0.92204 2.63777
1.58528 0.91675 2.59567
1.60535 0.91091 2.55416
1.62542 0.90448 2.51324
1.64548 0.89760 2.47293
1.66555 0.89023 2.43323
1.68562 0.88242 2.39412
1.70569 0.87418 2.35562
1.72575 0.86554 2.31773
1.74582 0.85652 2.28044
1.76589 0.84716 2.24375
1.78595 0.83748 2.20766
1.80602 0.82750 2.17217
1.82609 0.81726 2.13728
1.84615 0.80677 2.10297
1.86622 0.79599 2.06925
1.88629 0.78510 2.03611
1.90635 0.77403 2.00356
1.92642 0.76281 1.97157
1.94649 0.75146 1.94016
1.96656 0.74001 1.90930
1.98662 0.72847 1.87900
2.00669 0.71687 1.84925
2.02676 0.70522 1.82004
2.04682 0.69354 1.79137
2.06689 0.68176 1.76321
2.08696 0.67008 1.73559
2.10702 0.65842 1.70848
2.12709 0.64679 1.68188
2.14716 0.63521 1.65578
2.16722 0.62369 1.63017
2.18729 0.61224 1.60504
2.20736 0.60087 1.58039
2.22742 0.58960 1.55620
2.24749 0.57832 1.53247
2.26756 0.56727 1.50920
2.28763 0.55634 1.48637
2.30769 0.54554 1.46398
2.32776 0.53487 1.44202
2.34783 0.52435 1.42048
2.36789 0.51396 1.39936
2.38796 0.50373 1.37864
2.40803 0.49353 1.35830
2.42809 0.48362 1.33837
2.44816 0.47387 1.31882
2.46823 0.46428 1.29965
2.48829 0.45487 1.28084
2.50836 0.44561 1.26239
2.52843 0.43653 1.24430
2.54849 0.42761 1.22655
2.56856 0.41873 1.20913
2.58863 0.41017 1.19206
2.60870 0.40178 1.17530
2.62876 0.39356 1.15887
2.64883 0.38551 1.14275
2.66890 0.37762 1.12693
2.68896 0.36990 1.11142
2.70903 0.36219 1.09618
2.72910 0.35481 1.08124
2.74916 0.34760 1.06658
2.76923 0.34054 1.05220
2.78930 0.33364 1.03808
2.80936 0.32690 1.02423
2.82943 0.32031 1.01063
2.84950 0.31387 0.99729
2.86957 0.30742 0.98418
2.88963 0.30129 0.97132
2.90970 0.29530 0.95870
2.92977 0.28945 0.94630
2.94983 0.28374 0.93414
2.96990 0.27816 0.92219
2.98997 0.27271 0.91046
3.01003 0.26722 0.89892
3.03010 0.26205 0.88761
3.05017 0.25700 0.87650
3.07023 0.25206 0.86559
3.09030 0.24725 0.85487
3.11037 0.24255 0.84433
3.13043 0.23796 0.83399
3.15050 0.23348 0.82382
3.17057 0.22893 0.81382
3.19064 0.22469 0.80401
3.21070 0.22054 0.79436
3.23077 0.21649 0.78488
3.25084 0.21253 0.77557
3.27090 0.20867 0.76641
3.29097 0.20491 0.75741
3.31104 0.20123 0.74856
3.33110 0.19763 0.73986
3.35117 0.19413 0.73131
3.37124 0.19053 0.72289
3.39130 0.18721 0.71462
3.41137 0.18396 0.70648
3.43144 0.18078 0.69849
3.45151 0.17768 0.69062
3.47157 0.17465 0.68288
3.49164 0.17169 0.67527
3.51171 0.16880 0.66778
3.53177 0.16597 0.66041
3.55184 0.16321 0.65316
3.57191 0.16051 0.64602
3.59197 0.15788 0.63900
3.61204 0.15530 0.63209
3.63211 0.15264 0.62528
3.65217 0.15019 0.61859
3.67224 0.14779 0.61200
3.69231 0.14545 0.60551
3.71237 0.14316 0.59913
3.73244 0.14092 0.59284
3.75251 0.13873 0.58665
3.77258 0.13659 0.58055
3.79264 0.13450 0.57455
3.81271 0.13244 0.56864
3.83278 0.13044 0.56282
3.85284 0.12847 0.55708
3.87291 0.12655 0.55143
3.89298 0.12467 0.54587
3.91304 0.12283 0.54038
3.93311 0.12103 0.53498
3.95318 0.11927 0.52966
3.97324 0.11754 0.52441
3.99331 0.11573 0.51924
4.01338 0.11408 0.51414
4.03344 0.11247 0.50912
4.05351 0.11089 0.50418
4.07358 0.10934 0.49930
4.09365 0.10782 0.49449
4.11371 0.10634 0.48976
4.13378 0.10488 0.48508
4.15385 0.10345 0.48048
4.17391 0.10205 0.47594
4.19398 0.10068 0.47146
4.21405 0.09933 0.46704
4.23411 0.09801 0.46269
4.25418 0.09672 0.45839
4.27425 0.09545 0.45416
4.29431 0.09421 0.44998
4.31438 0.09298 0.44586
4.33445 0.09179 0.44179
4.35452 0.09061 0.43778
4.37458 0.08946 0.43382
4.39465 0.08833 0.42992
4.41472 0.08722 0.42607
4.43478 0.08613 0.42226
4.45485 0.08506 0.41851
4.47492 0.08401 0.41481
4.49498 0.08298 0.41116
4.51505 0.08197 0.40755
4.53512 0.08098 0.40399
4.55518 0.08000 0.40048
4.57525 0.07894 0.39701
4.59532 0.07800 0.39359
4.61538 0.07709 0.39021
4.63545 0.07618 0.38687
4.65552 0.07530 0.38358
4.67559 0.07442 0.38033
4.69565 0.07357 0.37711
4.71572 0.07273 0.37394
4.73579 0.07190 0.37081
4.75585 0.07108 0.36772
4.77592 0.07028 0.36466
4.79599 0.06950 0.36165
4.81605 0.06872 0.35867
4.83612 0.06796 0.35573
4.85619 0.06721 0.35282
4.87625 0.06648 0.34995
4.89632 0.06575 0.34711
4.91639 0.06504 0.34431
4.93645 0.06434 0.34154
4.95652 0.06365 0.33880
4.97659 0.06297 0.33610
4.99666 0.06231 0.33342
5.01672 0.06165 0.33078
5.03679 0.06100 0.32817
5.05686 0.06037 0.32560
5.07692 0.05974 0.32305
5.09699 0.05913 0.32053
5.11706 0.05852 0.31804
5.13712 0.05792 0.31558
5.15719 0.05733 0.31314
5.17726 0.05676 0.31074
5.19732 0.05618 0.30836
5.21739 0.05562 0.30601
5.23746 0.05507 0.30369
5.25753 0.05453 0.30139
5.27759 0.05399 0.29912
5.29766 0.05346 0.29687
5.31773 0.05294 0.29465
5.33779 0.05243 0.29246
5.35786 0.05192 0.29028
5.37793 0.05142 0.28814
5.39799 0.05093 0.28601
5.41806 0.05045 0.28391
5.43813 0.04997 0.28183
5.45819 0.04950 0.27978
5.47826 0.04904 0.27774
5.49833 0.04858 0.27573
5.51839 0.04813 0.27374
5.53846 0.04769 0.27178
5.55853 0.04725 0.26983
5.57860 0.04682 0.26790
5.59866 0.04639 0.26600
5.61873 0.04597 0.26411
5.63880 0.04556 0.26225
5.65886 0.04515 0.26040
5.67893 0.04475 0.25857
5.69900 0.04435 0.25677
5.71906 0.04396 0.25498
5.73913 0.04357 0.25321
5.75920 0.04319 0.25146
5.77926 0.04281 0.24972
5.79933 0.04244 0.24801
5.81940 0.04207 0.24631
5.83946 0.04171 0.24463
5.85953 0.04136 0.24296
5.87960 0.04100 0.24132
5.89967 0.04066 0.23968
5.91973 0.04031 0.23807
5.93980 0.03997 0.23647
5.95987 0.03964 0.23489
5.97993 0.03931 0.23333
6.00000 0.03898 0.23177
