0.00000 0.26153 5.75517
0.02007 0.26184 5.75427
0.04013 0.26278 5.75156
0.06020 0.26434 5.74704
0.08027 0.26651 5.74073
0.10033 0.26930 5.73263
0.12040 0.27269 5.72275
0.14047 0.27667 5.71111
0.16054 0.28124 5.69771
0.18060 0.28637 5.68259
0.20067 0.29206 5.66575
0.22074 0.29828 5.64723
0.24080 0.30501 5.62703
0.26087 0.31225 5.60520
0.28094 0.31996 5.58176
0.30100 0.32814 5.55675
0.32107 0.33674 5.53018
0.34114 0.34576 5.50211
0.36120 0.35515 5.47255
0.38127 0.36490 5.44155
0.40134 0.37499 5.40916
0.42140 0.38537 5.37540
0.44147 0.39602 5.34032
0.46154 0.40691 5.30396
0.48161 0.41801 5.26637
0.50167 0.42930 5.22759
0.52174 0.44073 5.18767
0.54181 0.45228 5.14665
0.56187 0.46392 5.10458
0.58194 0.47562 5.06151
0.60201 0.48734 5.01749
0.62207 0.49905 4.97256
0.64214 0.51073 4.92677
0.66221 0.52235 4.88018
0.68227 0.53386 4.83284
0.70234 0.54525 4.78478
0.72241 0.55649 4.73606
0.74247 0.56754 4.68674
0.76254 0.57839 4.63685
0.78261 0.58900 4.58645
0.80268 0.59935 4.53559
0.82274 0.60941 4.48430
0.84281 0.61917 4.43265
0.86288 0.62859 4.38067
0.88294 0.63767 4.32841
0.90301 0.64637 4.27591
0.92308 0.65469 4.22323
0.94314 0.66259 4.17039
0.96321 0.67008 4.11745
0.98328 0.67710 4.06443
1.00334 0.68370 4.01140
1.02341 0.68984 3.95837
1.04348 0.69550 3.90539
1.06355 0.70069 3.85250
1.08361 0.70538 3.79973
1.10368 0.70958 3.74711
1.12375 0.71328 3.69468
1.14381 0.71647 3.64246
1.16388 0.71916 3.59050
1.18395 0.72135 3.53880
1.20401 0.72303 3.48741
1.22408 0.72420 3.43635
1.24415 0.72487 3.38565
1.26421 0.72505 3.33532
1.28428 0.72474 3.28539
1.30435 0.72393 3.23588
1.32441 0.72266 3.18681
1.34448 0.72088 3.13819
1.36455 0.71867 3.09005
1.38462 0.71602 3.04241
1.40468 0.71292 2.99527
1.42475 0.70940 2.94865
1.44482 0.70547 2.90256
1.46488 0.70113 2.85702
1.48495 0.69641 2.81203
1.50502 0.69131 2.76760
1.52508 0.68586 2.72374
1.54515 0.68007 2.68047
1.56522 0.67394 2.63777
1.58528 0.66751 2.59567
1.60535 0.66078 2.55416
1.62542 0.65373 2.51324
1.64548 0.64646 2.47293
1.66555 0.63895 2.43323
1.68562 0.63121 2.39412
1.70569 0.62325 2.35562
1.72575 0.61510 2.31773
1.74582 0.60677 2.28044
1.76589 0.59827 2.24375
1.78595 0.58963 2.20766
1.80602 0.58085 2.17217
1.82609 0.57196 2.13728
1.84615 0.56296 2.10297
1.86622 0.55383 2.06925
1.88629 0.54467 2.03611
1.90635 0.53546 2.00356
1.92642 0.52621 1.97157
1.94649 0.51692 1.94016
1.96656 0.50761 1.90930
1.98662 0.49829 1.87900
2.00669 0.48898 1.84925
2.02676 0.47968 1.82004
2.04682 0.47041 1.79137
2.06689 0.46110 1.76321
2.08696 0.45192 1.73559
2.10702 0.44279 1.70848
2.12709 0.43372 1.68188
2.14716 0.42472 1.65578
2.16722 0.41580 1.63017
2.18729 0.40696 1.60504
2.20736 0.39822 1.58039
2.22742 0.38957 1.55620
2.24749 0.38095 1.53247
2.26756 0.37252 1.50920
2.28763 0.36421 1.48637
2.30769 0.35601 1.46398
2.32776 0.34794 1.44202
2.34783 0.33998 1.42048
2.36789 0.33216 1.39936
2.38796 0.32446 1.37864
2.40803 0.31680 1.35830
2.42809 0.30938 1.33837
2.44816 0.30210 1.31882
2.46823 0.29495 1.29965
2.48829 0.28793 1.28084
2.50836 0.28106 1.26239
2.52843 0.27432 1.24430
2.54849 0.26772 1.22655
2.56856 0.26115 1.20913
2.58863 0.25483 1.19206
2.60870 0.24866 1.17530
2.62876 0.24261 1.15887
2.64883 0.23671 1.14275
2.66890 0.23093 1.12693
2.68896 0.22529 1.11142
2.70903 0.21965 1.09618
2.72910 0.21428 1.08124
2.74916 0.20904 1.06658
2.76923 0.20392 1.05220
2.78930 0.19893 1.03808
2.80936 0.19406 1.02423
2.82943 0.18930 1.01063
2.84950 0.18467 0.99729
2.86957 0.18002 0.98418
2.88963 0.17563 0.97132
2.90970 0.17135 0.95870
2.92977 0.16718 0.94630
2.94983 0.16311 0.93414
2.96990 0.15915 0.92219
2.98997 0.15529 0.91046
3.01003 0.15139 0.89892
3.03010 0.14774 0.88761
3.05017 0.14418 0.87650
3.07023 0.14072 0.86559
3.09030 0.13735 0.85487
3.11037 0.13407 0.84433
3.13043 0.13087 0.83399
3.15050 0.12776 0.82382
3.17057 0.12458 0.81382
3.19064 0.12164 0.80401
3.21070 0.11878 0.79436
3.23077 0.11600 0.78488
3.25084 0.11329 0.77557
3.27090 0.11065 0.76641
3.29097 0.10808 0.75741
3.31104 0.10557 0.74856
3.33110 0.10314 0.73986
3.35117 0.10076 0.73131
3.37124 0.09832 0.72289
3.39130 0.09608 0.71462
3.41137 0.09390 0.70648
3.43144 0.09178 0.69849
3.45151 0.08971 0.69062
3.47157 0.08770 0.68288
3.49164 0.08574 0.67527
3.51171 0.08383 0.66778
3.53177 0.08197 0.66041
3.55184 0.08016 0.65316
3.57191 0.07840 0.64602
3.59197 0.07668 0.63900
3.61204 0.07500 0.63209
3.63211 0.07326 0.62528
3.65217 0.07168 0.61859
3.67224 0.07014 0.61200
3.69231 0.06864 0.60551
3.71237 0.06718 0.59913
3.73244 0.06575 0.59284
3.75251 0.06436 0.58665
3.77258 0.06301 0.58055
3.79264 0.06169 0.57455
3.81271 0.06040 0.56864
3.83278 0.05914 0.56282
3.85284 0.05792 0.55708
3.87291 0.05673 0.55143
3.89298 0.05556 0.54587
3.91304 0.05443 0.54038
3.93311 0.05332 0.53498
3.95318 0.05224 0.52966
3.97324 0.05118 0.52441
3.99331 0.05006 0.51924
4.01338 0.04906 0.51414
4.03344 0.04809 0.50912
4.05351 0.04714 0.50418
4.07358 0.04622 0.49930
4.09365 0.04531 0.49449
4.11371 0.04443 0.48976
4.13378 0.04357 0.48508
4.15385 0.04272 0.48048
4.17391 0.04190 0.47594
4.19398 0.04110 0.47146
4.21405 0.04032 0.46704
4.23411 0.03955 0.46269
4.25418 0.03880 0.45839
4.27425 0.03807 0.45416
4.29431 0.03736 0.44998
4.31438 0.03666 0.44586
4.33445 0.03598 0.44179
4.35452 0.03531 0.43778
4.37458 0.03466 0.43382
4.39465 0.03402 0.42992
4.41472 0.03340 0.42607
4.43478 0.03279 0.42226
4.45485 0.03220 0.41851
4.47492 0.03162 0.41481
4.49498 0.03105 0.41116
4.51505 0.03049 0.40755
4.53512 0.02995 0.40399
4.55518 0.02942 0.40048
4.57525 0.02881 0.39701
4.59532 0.02831 0.39359
4.61538 0.02782 0.39021
4.63545 0.02733 0.38687
4.65552 0.02686 0.38358
4.67559 0.02640 0.38033
4.69565 0.02595 0.37711
4.71572 0.02550 0.37394
4.73579 0.02507 0.37081
4.75585 0.02464 0.36772
4.77592 0.02423 0.36466
4.79599 0.02382 0.36165
4.81605 0.02342 0.35867
4.83612 0.02303 0.35573
4.85619 0.02265 0.35282
4.87625 0.02227 0.34995
4.89632 0.02191 0.34711
4.91639 0.02155 0.34431
4.93645 0.02119 0.34154
4.95652 0.02085 0.33880
4.97659 0.02051 0.33610
4.99666 0.02018 0.33342
5.01672 0.01985 0.33078
5.03679 0.01954 0.32817
5.05686 0.01922 0.32560
5.07692 0.01892 0.32305
5.09699 0.01862 0.32053
5.11706 0.01832 0.31804
5.13712 0.01803 0.31558
5.15719 0.01775 0.31314
5.17726 0.01747 0.31074
5.19732 0.01720 0.30836
5.21739 0.01694 0.30601
5.23746 0.01667 0.30369
5.25753 0.01642 0.30139
5.27759 0.01617 0.29912
5.29766 0.01592 0.29687
5.31773 0.01568 0.29465
5.33779 0.01544 0.29246
5.35786 0.01521 0.29028
5.37793 0.01498 0.28814
5.39799 0.01475 0.28601
5.41806 0.01453 0.28391
5.43813 0.01432 0.28183
5.45819 0.01410 0.27978
5.47826 0.01389 0.27774
5.49833 0.01369 0.27573
5.51839 0.01349 0.27374
5.53846 0.01329 0.27178
5.55853 0.01310 0.26983
5.57860 0.01291 0.26790
5.59866 0.01272 0.26600
5.61873 0.01254 0.26411
5.63880 0.01236 0.26225
5.65886 0.01218 0.26040
5.67893 0.01201 0.25857
5.69900 0.01184 0.25677
5.71906 0.01167 0.25498
5.73913 0.01151 0.25321
5.75920 0.01134 0.25146
5.77926 0.01118 0.24972
5.79933 0.01103 0.24801
5.81940 0.01088 0.24631
5.83946 0.01072 0.24463
5.85953 0.01058 0.24296
5.87960 0.01043 0.24132
5.89967 0.01029 0.23968
5.91973 0.01015 0.23807
5.93980 0.01001 0.23647
5.95987 0.00987 0.23489
5.97993 0.00974 0.23333
6.00000 0.00961 0.23177
