#n_max:6.0000 g:0.9400 f_std:0.6000
0.00000 0.30531 4.71043
0.02007 0.30564 4.70956
0.04013 0.30663 4.70697
0.06020 0.30827 4.70266
0.08027 0.31057 4.69662
0.10033 0.31351 4.68889
0.12040 0.31709 4.67945
0.14047 0.32129 4.66834
0.16054 0.32610 4.65556
0.18060 0.33150 4.64113
0.20067 0.33748 4.62508
0.22074 0.34402 4.60743
0.24080 0.35110 4.58820
0.26087 0.35869 4.56743
0.28094 0.36677 4.54515
0.30100 0.37532 4.52138
0.32107 0.38430 4.49616
0.34114 0.39370 4.46953
0.36120 0.40348 4.44152
0.38127 0.41360 4.41218
0.40134 0.42405 4.38155
0.42140 0.43479 4.34966
0.44147 0.44578 4.31657
0.46154 0.45699 4.28231
0.48161 0.46839 4.24694
0.50167 0.47993 4.21050
0.52174 0.49160 4.17303
0.54181 0.50335 4.13459
0.56187 0.51515 4.09523
0.58194 0.52695 4.05499
0.60201 0.53874 4.01393
0.62207 0.55047 3.97209
0.64214 0.56211 3.92952
0.66221 0.57363 3.88629
0.68227 0.58498 3.84243
0.70234 0.59616 3.79799
0.72241 0.60711 3.75303
0.74247 0.61781 3.70760
0.76254 0.62823 3.66174
0.78261 0.63834 3.61551
0.80268 0.64813 3.56894
0.82274 0.65755 3.52209
0.84281 0.66658 3.47501
0.86288 0.67521 3.42774
0.88294 0.68342 3.38031
0.90301 0.69117 3.33279
0.92308 0.69846 3.28520
0.94314 0.70524 3.23759
0.96321 0.71154 3.19000
0.98328 0.71734 3.14247
1.00334 0.72261 3.09503
1.02341 0.72734 3.04773
1.04348 0.73153 3.00059
1.06355 0.73518 2.95365
1.08361 0.73826 2.90695
1.10368 0.74079 2.86050
1.12375 0.74275 2.81434
1.14381 0.74416 2.76850
1.16388 0.74500 2.72301
1.18395 0.74528 2.67789
1.20401 0.74501 2.63315
1.22408 0.74419 2.58883
1.24415 0.74283 2.54495
1.26421 0.74093 2.50152
1.28428 0.73851 2.45856
1.30435 0.73558 2.41609
1.32441 0.73210 2.37412
1.34448 0.72817 2.33267
1.36455 0.72377 2.29176
1.38462 0.71890 2.25138
1.40468 0.71359 2.21156
1.42475 0.70786 2.17230
1.44482 0.70170 2.13360
1.46488 0.69516 2.09548
1.48495 0.68823 2.05794
1.50502 0.68095 2.02099
1.52508 0.67333 1.98463
1.54515 0.66539 1.94886
1.56522 0.65715 1.91369
1.58528 0.64863 1.87911
1.60535 0.63985 1.84513
1.62542 0.63077 1.81174
1.64548 0.62153 1.77895
1.66555 0.61208 1.74675
1.68562 0.60246 1.71514
1.70569 0.59267 1.68412
1.72575 0.58274 1.65369
1.74582 0.57269 1.62383
1.76589 0.56253 1.59455
1.78595 0.55228 1.56584
1.80602 0.54196 1.53769
1.82609 0.53158 1.51010
1.84615 0.52109 1.48305
1.86622 0.51066 1.45656
1.88629 0.50023 1.43060
1.90635 0.48980 1.40517
1.92642 0.47940 1.38027
1.94649 0.46903 1.35589
1.96656 0.45871 1.33201
1.98662 0.44845 1.30863
2.00669 0.43826 1.28574
2.02676 0.42816 1.26334
2.04682 0.41815 1.24140
2.06689 0.40814 1.21993
2.08696 0.39835 1.19893
2.10702 0.38868 1.17837
2.12709 0.37914 1.15826
2.14716 0.36972 1.13857
2.16722 0.36045 1.11931
2.18729 0.35132 1.10047
2.20736 0.34234 1.08203
2.22742 0.33352 1.06399
2.24749 0.32474 1.04633
2.26756 0.31624 1.02906
2.28763 0.30791 1.01217
2.30769 0.29974 0.99564
2.32776 0.29174 0.97946
2.34783 0.28391 0.96364
2.36789 0.27625 0.94815
2.38796 0.26876 0.93300
2.40803 0.26130 0.91817
2.42809 0.25417 0.90366
2.44816 0.24720 0.88947
2.46823 0.24040 0.87558
2.48829 0.23377 0.86198
2.50836 0.22730 0.84868
2.52843 0.22100 0.83565
2.54849 0.21470 0.82289
2.56856 0.20874 0.81042
2.58863 0.20294 0.79820
2.60870 0.19729 0.78624
2.62876 0.19180 0.77454
2.64883 0.18646 0.76307
2.66890 0.18126 0.75185
2.68896 0.17621 0.74085
2.70903 0.17114 0.73007
2.72910 0.16639 0.71953
2.74916 0.16177 0.70920
2.76923 0.15729 0.69908
2.78930 0.15294 0.68917
2.80936 0.14872 0.67946
2.82943 0.14461 0.66994
2.84950 0.14044 0.66060
2.86957 0.13660 0.65146
2.88963 0.13287 0.64250
2.90970 0.12925 0.63372
2.92977 0.12574 0.62511
2.94983 0.12233 0.61667
2.96990 0.11902 0.60840
2.98997 0.11582 0.60028
3.01003 0.11251 0.59231
3.03010 0.10951 0.58451
3.05017 0.10661 0.57686
3.07023 0.10379 0.56935
3.09030 0.10105 0.56198
3.11037 0.09839 0.55475
3.13043 0.09582 0.54766
3.15050 0.09332 0.54070
3.17057 0.09090 0.53387
3.19064 0.08835 0.52715
3.21070 0.08609 0.52057
3.23077 0.08389 0.51411
3.25084 0.08176 0.50777
3.27090 0.07970 0.50154
3.29097 0.07769 0.49542
3.31104 0.07574 0.48942
3.33110 0.07385 0.48352
3.35117 0.07202 0.47772
3.37124 0.07023 0.47203
3.39130 0.06850 0.46644
3.41137 0.06683 0.46094
3.43144 0.06520 0.45554
3.45151 0.06345 0.45022
3.47157 0.06193 0.44501
3.49164 0.06045 0.43988
3.51171 0.05902 0.43485
3.53177 0.05762 0.42989
3.55184 0.05626 0.42502
3.57191 0.05494 0.42024
3.59197 0.05366 0.41553
3.61204 0.05242 0.41090
3.63211 0.05121 0.40634
3.65217 0.05003 0.40186
3.67224 0.04889 0.39746
3.69231 0.04777 0.39312
3.71237 0.04669 0.38886
3.73244 0.04564 0.38466
3.75251 0.04462 0.38053
3.77258 0.04362 0.37647
3.79264 0.04265 0.37247
3.81271 0.04171 0.36854
3.83278 0.04080 0.36466
3.85284 0.03978 0.36084
3.87291 0.03892 0.35709
3.89298 0.03809 0.35339
3.91304 0.03727 0.34975
3.93311 0.03648 0.34617
3.95318 0.03571 0.34264
3.97324 0.03496 0.33917
3.99331 0.03422 0.33575
4.01338 0.03351 0.33237
4.03344 0.03281 0.32905
4.05351 0.03214 0.32578
4.07358 0.03147 0.32256
4.09365 0.03083 0.31938
4.11371 0.03020 0.31625
4.13378 0.02959 0.31317
4.15385 0.02899 0.31013
4.17391 0.02841 0.30714
4.19398 0.02784 0.30419
4.21405 0.02729 0.30128
4.23411 0.02675 0.29841
4.25418 0.02622 0.29558
4.27425 0.02571 0.29279
4.29431 0.02521 0.29005
4.31438 0.02472 0.28734
4.33445 0.02424 0.28466
4.35452 0.02377 0.28203
4.37458 0.02332 0.27943
4.39465 0.02288 0.27687
4.41472 0.02244 0.27434
4.43478 0.02202 0.27185
4.45485 0.02161 0.26939
4.47492 0.02120 0.26696
4.49498 0.02081 0.26457
4.51505 0.02042 0.26220
4.53512 0.02005 0.25987
4.55518 0.01968 0.25757
4.57525 0.01932 0.25531
4.59532 0.01888 0.25306
4.61538 0.01854 0.25085
4.63545 0.01821 0.24867
4.65552 0.01788 0.24652
4.67559 0.01757 0.24439
4.69565 0.01726 0.24230
4.71572 0.01695 0.24023
4.73579 0.01666 0.23818
4.75585 0.01637 0.23616
4.77592 0.01608 0.23417
4.79599 0.01581 0.23220
4.81605 0.01553 0.23026
4.83612 0.01527 0.22834
4.85619 0.01501 0.22645
4.87625 0.01475 0.22458
4.89632 0.01450 0.22273
4.91639 0.01426 0.22090
4.93645 0.01402 0.21910
4.95652 0.01379 0.21732
4.97659 0.01356 0.21556
4.99666 0.01333 0.21382
5.01672 0.01311 0.21211
5.03679 0.01290 0.21041
5.05686 0.01269 0.20873
5.07692 0.01248 0.20708
5.09699 0.01228 0.20544
5.11706 0.01208 0.20382
5.13712 0.01188 0.20222
5.15719 0.01169 0.20064
5.17726 0.01151 0.19908
5.19732 0.01132 0.19754
5.21739 0.01114 0.19602
5.23746 0.01097 0.19451
5.25753 0.01080 0.19302
5.27759 0.01063 0.19154
5.29766 0.01046 0.19009
5.31773 0.01030 0.18865
5.33779 0.01014 0.18723
5.35786 0.00998 0.18582
5.37793 0.00983 0.18443
5.39799 0.00968 0.18305
5.41806 0.00953 0.18169
5.43813 0.00939 0.18034
5.45819 0.00925 0.17901
5.47826 0.00911 0.17770
5.49833 0.00897 0.17640
5.51839 0.00884 0.17511
5.53846 0.00870 0.17384
5.55853 0.00858 0.17258
5.57860 0.00845 0.17133
5.59866 0.00832 0.17010
5.61873 0.00820 0.16888
5.63880 0.00808 0.16767
5.65886 0.00796 0.16648
5.67893 0.00785 0.16530
5.69900 0.00774 0.16413
5.71906 0.00762 0.16298
5.73913 0.00752 0.16183
5.75920 0.00741 0.16070
5.77926 0.00730 0.15958
5.79933 0.00720 0.15848
5.81940 0.00710 0.15738
5.83946 0.00700 0.15629
5.85953 0.00690 0.15522
5.87960 0.00680 0.15416
5.89967 0.00671 0.15311
5.91973 0.00661 0.15207
5.93980 0.00652 0.15103
5.95987 0.00643 0.15001
5.97993 0.00634 0.14900
6.00000 0.00626 0.14801
