1,509790E-1	8,749994E-2	0,000000E+0
-9,796673E-1	-4,338278E-1	1,000000E+0
-8,248866E-1	-1,099152E+0	0,000000E+0
6,262049E-2	-7,661834E-1	0,000000E+0
-9,126324E-1	1,122190E+0	0,000000E+0
-3,973097E-1	-8,442477E-1	0,000000E+0
-5,909387E-1	2,485558E+0	0,000000E+0
-4,859133E-1	-3,531899E-1	0,000000E+0
-7,174103E-1	2,134575E+0	0,000000E+0
6,372344E-2	4,281889E-1	0,000000E+0
-5,980466E-1	-3,596850E-1	0,000000E+0
-5,862818E-1	3,737699E-2	0,000000E+0
-1,151605E+0	-1,230770E+0	1,000000E+0
-1,855164E+0	-1,017533E+0	0,000000E+0
-1,627490E-1	1,454055E+0	0,000000E+0
-6,028260E-1	-1,317413E+0	0,000000E+0
1,527093E+0	-1,522079E-1	0,000000E+0
-3,687555E-1	1,530642E-1	2,000000E+0
2,561269E-1	3,550266E-1	0,000000E+0
-4,457169E-1	1,622554E-1	0,000000E+0
-1,213002E+0	-4,846860E-1	0,000000E+0
-3,237797E-1	1,403074E+0	0,000000E+0
8,477983E-1	2,982499E+0	0,000000E+0
-1,758718E+0	4,219389E-1	0,000000E+0
-2,188769E-1	2,616932E+0	0,000000E+0
-1,002339E+0	3,466932E-1	0,000000E+0
-2,125043E-1	1,925015E+0	0,000000E+0
-6,431450E-1	-5,437551E-1	0,000000E+0
-6,497627E-1	4,439979E-1	0,000000E+0
-1,260307E+0	1,393760E+0	1,000000E+0
8,039024E-2	2,015211E+0	1,000000E+0
-5,020899E-1	2,667906E-1	0,000000E+0
-1,000623E+0	-1,669139E-1	0,000000E+0
-8,382677E-2	2,188987E+0	3,000000E+0
-1,670482E+0	1,014706E-1	0,000000E+0
-7,392242E-1	-3,757391E-1	0,000000E+0
-6,921650E-1	4,455672E+0	0,000000E+0
-1,106997E+0	-2,004926E-1	0,000000E+0
-8,295435E-1	-2,780667E-1	0,000000E+0
3,222809E-2	-6,783150E-1	0,000000E+0
-1,094374E+0	9,821150E-1	0,000000E+0
-6,622628E-1	-1,787270E+0	0,000000E+0
-8,979264E-1	-4,198571E-1	3,000000E+0
-6,385111E-2	1,534448E+0	1,000000E+0
1,469349E-1	2,480404E-1	1,000000E+0
-9,164315E-1	4,204683E-1	1,000000E+0
-6,694932E-1	-1,790463E-1	1,000000E+0
-1,388372E+0	1,276848E+0	0,000000E+0
-1,616460E-1	8,763543E-1	0,000000E+0
-7,625087E-1	1,433222E+0	0,000000E+0
-1,106016E+0	8,230450E-1	0,000000E+0
-6,041741E-1	1,612512E+0	0,000000E+0
-4,529474E-1	-9,974352E-1	0,000000E+0
2,506122E-1	-5,469414E-1	0,000000E+0
3,394609E-1	1,123047E+0	0,000000E+0
-5,379971E-1	-5,355443E-1	2,000000E+0
-6,518460E-1	-1,576001E-1	1,000000E+0
-3,876282E-1	1,374152E+0	0,000000E+0
7,201012E-1	-3,697341E-1	0,000000E+0
-1,329302E+0	-7,982915E-1	0,000000E+0
-1,037756E+0	-8,024582E-1	0,000000E+0
-8,824851E-1	-5,290491E-1	0,000000E+0
2,904409E-1	-9,142238E-1	0,000000E+0
-4,763544E-1	-3,262289E-1	0,000000E+0
8,688539E-2	-7,589529E-1	0,000000E+0
5,611539E-1	5,207142E-1	0,000000E+0
2,735290E-1	-1,215207E+0	2,000000E+0
3,832113E-1	1,139714E+0	1,000000E+0
-5,796871E-2	-9,379985E-1	0,000000E+0
-4,845653E-1	2,630903E+0	0,000000E+0
-1,168639E+0	2,302707E-1	1,000000E+0
-7,353257E-2	3,529364E-2	0,000000E+0
-1,028565E+0	-8,020905E-1	1,000000E+0
-1,052094E+0	8,975554E-1	0,000000E+0
-6,132428E-1	1,758102E+0	0,000000E+0
-8,769704E-1	-2,169258E+0	2,000000E+0
-1,980434E-1	-6,948662E-2	0,000000E+0
-1,031261E+0	-8,751303E-1	0,000000E+0
-2,496369E-1	4,363998E-1	0,000000E+0
-8,052786E-1	4,995130E-1	1,000000E+0
3,903192E-1	-2,566205E-1	0,000000E+0
-1,814846E+0	-2,195239E+0	0,000000E+0
-5,821381E-2	1,035302E+0	0,000000E+0
-9,666770E-1	-1,264472E+0	0,000000E+0
-5,220886E-2	-5,903241E-1	0,000000E+0
2,364959E-2	-2,224290E-1	0,000000E+0
-2,088278E-1	-4,349307E-1	1,000000E+0
-9,618975E-1	2,556637E+0	0,000000E+0
-6,290517E-1	5,673989E-2	0,000000E+0
-7,629989E-1	-5,132402E-1	0,000000E+0
-4,747613E-1	4,401988E-1	0,000000E+0
-1,244008E+0	-9,554006E-1	0,000000E+0
-9,913095E-1	1,133580E-1	0,000000E+0
-5,891004E-1	9,246390E-1	0,000000E+0
-9,816281E-1	-9,679007E-1	0,000000E+0
-1,062021E+0	-1,848062E-1	1,000000E+0
-3,272341E-2	4,693589E-2	0,000000E+0
-2,868921E-1	2,741565E+0	0,000000E+0
5,579676E-1	-1,197682E+0	0,000000E+0
-4,049078E-1	-2,993904E-1	0,000000E+0
-1,133222E+0	-1,114838E+0	0,000000E+0
8,749814E-2	-9,361602E-1	1,000000E+0
-4,338296E-1	3,025636E+0	0,000000E+0
-1,099154E+0	7,987801E-1	0,000000E+0
-7,661852E-1	2,205136E-3	0,000000E+0
1,122188E+0	1,645839E-1	1,000000E+0
-8,442495E-1	-1,164471E+0	0,000000E+0
2,485557E+0	3,272009E-2	0,000000E+0
-3,531917E-1	-1,632374E-1	0,000000E+0
2,134573E+0	-9,170424E-1	0,000000E+0
4,281871E-1	5,772029E-2	1,000000E+0
-3,596868E-1	-1,240207E+0	0,000000E+0
3,737519E-2	5,561311E-1	0,000000E+0
-1,230772E+0	-1,121088E+0	0,000000E+0
-1,017535E+0	-4,164257E-1	0,000000E+0
1,454053E+0	-9,063806E-1	0,000000E+0
-1,317415E+0	2,094372E-1	0,000000E+0
-1,522097E-1	-8,982923E-1	0,000000E+0
1,530624E-1	2,112394E+0	0,000000E+0
3,550248E-1	-3,866460E-1	1,000000E+0
1,622536E-1	-2,430174E-1	1,000000E+0
-4,846878E-1	-1,463255E-1	0,000000E+0
1,403072E+0	3,001242E-1	2,000000E+0
2,982497E+0	-1,396948E+0	0,000000E+0
4,219371E-1	2,898300E-1	1,000000E+0
2,616930E+0	-7,056437E-1	0,000000E+0
3,466914E-1	-6,522119E-1	1,000000E+0
1,925013E+0	5,057631E-1	0,000000E+0
-5,437569E-1	-2,904511E-2	1,000000E+0
4,439961E-1	-3,829695E-1	0,000000E+0
1,393759E+0	-1,158343E+0	1,000000E+0
2,015210E+0	-1,633960E+0	0,000000E+0
2,667888E-1	-1,848422E+0	0,000000E+0
-1,669157E-1	-9,913077E-1	0,000000E+0
2,188986E+0	7,859124E-1	0,000000E+0
1,014688E-1	-5,458385E-1	0,000000E+0
-3,757409E-1	4,867678E-1	0,000000E+0
4,455670E+0	-8,911844E-1	0,000000E+0
-2,004944E-1	5,489007E-1	0,000000E+0
-2,780685E-1	-8,653263E-1	0,000000E+0
-6,783168E-1	1,380770E+0	0,000000E+0
9,821132E-1	-4,497593E-1	0,000000E+0
-1,787272E+0	-1,067656E+0	2,000000E+0
-4,198589E-1	-7,083467E-2	0,000000E+0
1,534446E+0	-6,143439E-1	0,000000E+0
2,480386E-1	-6,603002E-1	0,000000E+0
4,204665E-1	3,438745E-1	0,000000E+0
-1,790481E-1	-3,689988E-1	1,000000E+0
1,276846E+0	-3,357878E-1	0,000000E+0
8,763525E-1	2,824770E-1	0,000000E+0
1,433220E+0	-9,726801E-1	0,000000E+0
8,230432E-1	-1,719132E+0	0,000000E+0
1,612510E+0	3,252469E-1	0,000000E+0
-9,974370E-1	-7,469430E-1	0,000000E+0
-5,469432E-1	-1,199398E+0	0,000000E+0
1,123046E+0	-3,305181E-1	0,000000E+0
-5,355461E-1	-9,933911E-1	0,000000E+0
-1,576019E-1	2,071019E-2	0,000000E+0
1,374151E+0	-4,800291E-1	0,000000E+0
-3,697359E-1	7,503729E-1	1,000000E+0
-7,982933E-1	-8,454732E-1	0,000000E+0
-8,024600E-1	-3,376260E-1	3,000000E+0
-5,290509E-1	-5,919173E-1	0,000000E+0
-9,142256E-1	-7,654481E-1	0,000000E+0
-3,262307E-1	-7,964532E-1	1,000000E+0
-7,589547E-1	-7,565019E-1	0,000000E+0
5,207124E-1	-8,984148E-1	0,000000E+0
-1,215208E+0	-8,627528E-1	0,000000E+0
1,139712E+0	-3,262289E-1	0,000000E+0
-9,380003E-1	-4,862792E-1	0,000000E+0
2,630901E+0	-1,536900E+0	0,000000E+0
2,302689E-1	8,112734E-2	0,000000E+0
3,529184E-2	-2,949786E-1	0,000000E+0
-8,020923E-1	-7,648353E-1	0,000000E+0
8,975536E-1	-2,433851E-1	0,000000E+0
1,758100E+0	-6,262313E-1	0,000000E+0
-2,169260E+0	-7,830953E-1	0,000000E+0
-6,948842E-2	4,374959E-2	2,000000E+0
-8,751321E-1	-1,045359E-1	0,000000E+0
4,363980E-1	-2,528214E-1	0,000000E+0
4,995112E-1	-3,370201E-2	0,000000E+0
-2,566223E-1	4,154369E-2	0,000000E+0
-2,195241E+0	-8,353016E-1	0,000000E+0
1,035300E+0	8,913054E-1	0,000000E+0
-1,264473E+0	5,850529E-1	0,000000E+0
-5,903259E-1	-5,515514E-3	0,000000E+0
-2,224308E-1	-7,565019E-1	0,000000E+0
-4,349325E-1	1,352944E-1	1,000000E+0
2,556636E+0	3,762209E-2	0,000000E+0
5,673809E-2	-5,625122E-2	2,000000E+0
-5,132420E-1	-1,008220E+0	1,000000E+0
4,401970E-1	-6,785601E-1	0,000000E+0
-9,554024E-1	-6,944916E-1	0,000000E+0
1,133562E-1	-1,083833E+0	0,000000E+0
9,246372E-1	-5,057646E-1	1,000000E+0
-9,679025E-1	-8,443772E-2	0,000000E+0
-1,848080E-1	-1,386654E+0	0,000000E+0
4,693409E-2	-1,034330E-1	0,000000E+0
2,741564E+0	-6,096870E-1	0,000000E+0
-1,197684E+0	-1,313247E+0	0,000000E+0
-2,993922E-1	-9,621408E-1	0,000000E+0
-1,114840E+0	4,256154E-1	0,000000E+0
-9,361620E-1	3,683845E-1	0,000000E+0
3,025634E+0	-2,914247E-1	0,000000E+0
7,987783E-1	-2,482871E-1	0,000000E+0
2,203336E-3	-8,357918E-1	0,000000E+0
1,645821E-1	2,306383E-1	0,000000E+0
-1,164473E+0	5,295378E-1	0,000000E+0
3,271829E-2	1,038365E+0	0,000000E+0
-1,632392E-1	-5,225540E-1	0,000000E+0
-9,170442E-1	-1,726363E+0	0,000000E+0
5,771849E-2	1,752389E-2	0,000000E+0
-1,240209E+0	-6,837072E-1	0,000000E+0
5,561293E-1	-5,894732E-2	0,000000E+0
-1,121090E+0	-4,203473E-1	0,000000E+0
-4,164275E-1	-7,598108E-1	0,000000E+0
-9,063824E-1	-1,077093E+0	1,000000E+0
2,094354E-1	-8,781941E-1	0,000000E+0
-8,982941E-1	3,009820E-1	0,000000E+0
2,112392E+0	-5,429042E-2	0,000000E+0
-3,866478E-1	-1,174643E+0	0,000000E+0
-2,430192E-1	-2,992679E-1	0,000000E+0
-1,463273E-1	-3,477977E-1	0,000000E+0
3,001224E-1	-8,156936E-1	1,000000E+0
-1,396950E+0	-1,099764E+0	0,000000E+0
2,898282E-1	-2,795373E-1	0,000000E+0
-7,056455E-1	-4,132394E-1	0,000000E+0
-6,522137E-1	-3,502487E-1	0,000000E+0
5,057613E-1	-3,660576E-1	0,000000E+0
-2,904691E-2	-2,404439E-1	0,000000E+0
-3,829713E-1	-5,078480E-1	0,000000E+0
-1,158345E+0	-1,929551E+0	0,000000E+0
-1,633962E+0	-1,317413E+0	0,000000E+0
-1,848424E+0	-7,220654E-1	0,000000E+0
-9,913095E-1	-1,776118E+0	0,000000E+0
7,859106E-1	-3,258612E-1	0,000000E+0
-5,458403E-1	7,207158E-1	0,000000E+0
4,867660E-1	-1,127583E+0	0,000000E+0
-8,911862E-1	6,960832E-1	0,000000E+0
5,488989E-1	-4,767271E-2	0,000000E+0
-8,653281E-1	-7,617716E-1	0,000000E+0
1,380768E+0	-6,643443E-1	0,000000E+0
-4,497611E-1	-7,906934E-1	0,000000E+0
-1,067658E+0	-1,053563E+0	0,000000E+0
-7,083647E-2	-9,908175E-1	0,000000E+0
-6,143457E-1	-9,853028E-1	0,000000E+0
-6,603020E-1	-1,021455E+0	0,000000E+0
3,438727E-1	-1,111536E-1	0,000000E+0
-3,690006E-1	-8,479242E-1	0,000000E+0
-3,357896E-1	-6,131184E-1	0,000000E+0
2,824752E-1	-1,059936E+0	0,000000E+0
-9,726819E-1	-2,444880E-1	0,000000E+0
-1,719134E+0	-1,309080E+0	0,000000E+0
3,252451E-1	-1,205525E+0	0,000000E+0
-7,469448E-1	-5,122598E-1	0,000000E+0
-1,199399E+0	-6,865259E-1	0,000000E+0
-3,305199E-1	-4,610339E-1	0,000000E+0
-9,933929E-1	4,938689E-2	0,000000E+0
2,070839E-2	-1,192290E+0	0,000000E+0
-4,800309E-1	-9,259886E-1	0,000000E+0
7,503711E-1	-1,419988E+0	0,000000E+0
-8,454750E-1	-1,321212E+0	0,000000E+0
-3,376278E-1	-7,839531E-1	0,000000E+0
-5,919191E-1	-1,114961E+0	2,000000E+0
-7,654499E-1	-9,556457E-1	0,000000E+0
-7,964550E-1	2,031871E-1	0,000000E+0
-7,565037E-1	6,989019E-1	0,000000E+0
-8,984166E-1	-1,124152E+0	0,000000E+0
-8,627546E-1	-6,387314E-1	0,000000E+0
-3,262307E-1	1,349268E-1	0,000000E+0
-4,862810E-1	-4,677741E-1	1,000000E+0
-1,536902E+0	-5,861574E-1	0,000000E+0
8,112554E-2	-8,356692E-1	0,000000E+0
-2,949804E-1	-6,281921E-1	0,000000E+0
-7,648371E-1	-1,605481E-2	0,000000E+0
-2,433869E-1	-4,881174E-1	0,000000E+0
-6,262331E-1	-5,323580E-1	0,000000E+0
-7,830971E-1	6,403230E-1	0,000000E+0
4,374779E-2	-7,207173E-1	0,000000E+0
-1,045377E-1	-5,573582E-1	0,000000E+0
-2,528232E-1	-8,161838E-1	0,000000E+0
-3,370381E-2	-7,242782E-2	0,000000E+0
4,154189E-2	-9,394691E-1	0,000000E+0
-8,353034E-1	-3,122582E-1	0,000000E+0
8,913036E-1	-6,728003E-1	0,000000E+0
5,850511E-1	-7,264772E-1	0,000000E+0
-5,517314E-3	-1,228319E+0	0,000000E+0
-7,565037E-1	7,153236E-1	0,000000E+0
1,352926E-1	-4,979214E-1	0,000000E+0
3,762029E-2	-1,423174E+0	0,000000E+0
-5,625301E-2	-4,672839E-1	0,000000E+0
-1,008221E+0	6,189993E-1	0,000000E+0
-6,785619E-1	-1,153074E+0	0,000000E+0
-6,944934E-1	-1,497562E+0	0,000000E+0
-1,083835E+0	-1,375625E+0	0,000000E+0
-5,057664E-1	-1,599033E+0	0,000000E+0
-8,443952E-2	-5,490317E-2	0,000000E+0
-1,386656E+0	-2,035563E-1	0,000000E+0
-1,034348E-1	-6,041723E-1	0,000000E+0
-6,096888E-1	2,088244E-1	0,000000E+0
-1,313248E+0	-8,403261E-1	0,000000E+0
-9,621426E-1	-4,107884E-1	0,000000E+0
4,256136E-1	9,894680E-1	0,000000E+0
3,683827E-1	-1,992671E-1	0,000000E+0
-2,914265E-1	-3,408123E-1	0,000000E+0
-2,482889E-1	-1,328688E+0	0,000000E+0
-8,357936E-1	1,121325E-1	0,000000E+0
2,306365E-1	6,801449E-2	0,000000E+0
5,295360E-1	-2,354193E-1	1,000000E+0
1,038364E+0	-1,310796E+0	0,000000E+0
-5,225558E-1	-7,280703E-1	0,000000E+0
-1,726364E+0	-4,046609E-1	0,000000E+0
1,752209E-2	1,771582E+0	0,000000E+0
-6,837090E-1	-1,397071E+0	0,000000E+0
-5,894911E-2	1,710790E-1	0,000000E+0
-4,203491E-1	8,732905E-1	0,000000E+0
-7,598126E-1	5,175279E-1	0,000000E+0
-1,077095E+0	-3,908127E-1	0,000000E+0
-8,781959E-1	-3,160572E-1	0,000000E+0
3,009802E-1	-6,916730E-1	0,000000E+0
-5,429221E-2	-1,171456E+0	0,000000E+0
-1,174644E+0	5,110259E-2	0,000000E+0
-2,992697E-1	1,275377E+0	0,000000E+0
-3,477995E-1	3,664169E-2	0,000000E+0
-8,156954E-1	-5,345639E-1	0,000000E+0
-1,099766E+0	-2,852972E-1	0,000000E+0
-2,795391E-1	2,132294E-2	0,000000E+0
-4,132412E-1	4,868904E-1	0,000000E+0
-3,502505E-1	-8,198603E-1	0,000000E+0
-3,660594E-1	5,987785E-1	0,000000E+0
-2,404457E-1	-1,080034E+0	0,000000E+0
-5,078498E-1	-7,737815E-1	0,000000E+0
-1,929552E+0	-7,155702E-1	0,000000E+0
-1,317415E+0	-7,340753E-1	0,000000E+0
-7,220672E-1	4,218163E-1	0,000000E+0
-1,776120E+0	-3,556409E-1	0,000000E+0
-3,258630E-1	-5,622602E-1	0,000000E+0
7,207140E-1	-1,107363E+0	0,000000E+0
-1,127585E+0	-4,160580E-1	0,000000E+0
6,960814E-1	2,605412E+0	0,000000E+0
-4,767451E-2	-9,387407E-2	0,000000E+0
-7,617734E-1	8,440011E-1	0,000000E+0
-6,643461E-1	-6,278244E-1	0,000000E+0
-7,906952E-1	-5,397110E-1	0,000000E+0
-1,053565E+0	-9,093218E-1	0,000000E+0
-9,908193E-1	-2,542920E-1	0,000000E+0
-9,853046E-1	3,258597E-1	0,000000E+0
-1,021457E+0	-1,133098E+0	0,000000E+0
-1,111554E-1	-9,764792E-1	0,000000E+0
-8,479260E-1	1,908096E-1	2,000000E+0
-6,131202E-1	-1,420362E-1	0,000000E+0
-1,059938E+0	-1,609572E+0	0,000000E+0
-2,444898E-1	-5,865251E-1	0,000000E+0
-1,309082E+0	3,379921E-1	0,000000E+0
-1,205527E+0	-1,352585E+0	0,000000E+0
-5,122616E-1	-4,264748E-1	0,000000E+0
-6,865277E-1	1,708339E-1	0,000000E+0
-4,610357E-1	-5,866476E-1	0,000000E+0
4,938509E-2	-4,384847E-1	0,000000E+0
-1,192292E+0	4,796599E-1	0,000000E+0
-9,259904E-1	-4,791713E-1	0,000000E+0
-1,419989E+0	-8,345663E-1	0,000000E+0
-1,321214E+0	-6,811337E-1	0,000000E+0
-7,839549E-1	4,822335E-1	0,000000E+0
-1,114962E+0	-1,768404E-1	0,000000E+0
-9,556475E-1	-1,607864E-1	0,000000E+0
2,031853E-1	-1,339479E-1	0,000000E+0
6,989001E-1	2,710798E-1	0,000000E+0
-1,124154E+0	-4,536809E-1	0,000000E+0
-6,387332E-1	6,776939E-2	0,000000E+0
1,349250E-1	-1,326972E+0	0,000000E+0
-4,677759E-1	-4,801517E-1	0,000000E+0
-5,861592E-1	-7,183889E-1	0,000000E+0
-8,356710E-1	2,193637E-1	0,000000E+0
-6,281939E-1	-3,895872E-1	0,000000E+0
-1,605661E-2	-1,523787E+0	0,000000E+0
-4,881192E-1	-4,106658E-1	0,000000E+0
-5,323598E-1	5,041699E-1	0,000000E+0
6,403212E-1	-9,571232E-2	0,000000E+0
-7,207191E-1	-1,100990E+0	0,000000E+0
-5,573600E-1	-8,395908E-1	0,000000E+0
-8,161856E-1	-6,618933E-1	0,000000E+0
-7,242962E-2	-9,616506E-1	0,000000E+0
-9,394709E-1	-1,203809E+0	0,000000E+0
-3,122600E-1	-4,142198E-1	0,000000E+0
-6,728021E-1	-9,400818E-1	0,000000E+0
-7,264790E-1	5,329692E-1	0,000000E+0
-1,228321E+0	-9,143463E-1	0,000000E+0
7,153218E-1	-3,226749E-1	0,000000E+0
-4,979232E-1	-9,601800E-1	0,000000E+0
-1,423176E+0	-4,186316E-1	0,000000E+0
-4,672857E-1	3,578452E-1	0,000000E+0
6,189975E-1	-1,057362E+0	0,000000E+0
-1,153076E+0	-1,280648E+0	0,000000E+0
-1,497564E+0	2,889721E-1	0,000000E+0
-1,375626E+0	1,044118E-1	0,000000E+0
-1,599035E+0	2,083274E-2	0,000000E+0
-5,490496E-2	-5,402012E-1	0,000000E+0
-2,035581E-1	2,164225E-1	0,000000E+0
-6,041741E-1	-3,236553E-1	0,000000E+0
