7,210794E+0	7,210794E+0	8,000000E+0
4,685668E+0	4,685668E+0	7,000000E+0
1,071079E+0	1,071079E+0	1,000000E+0
4,476721E+0	4,476721E+0	3,000000E+0
3,788608E+0	3,788608E+0	2,000000E+0
3,508583E+0	3,508583E+0	3,000000E+0
-1,133588E-1	-1,133588E-1	1,000000E+0
2,792283E+0	2,792283E+0	3,000000E+0
-7,046655E-2	-7,046655E-2	1,000000E+0
3,533705E+0	3,533705E+0	2,000000E+0
-9,258600E-1	-9,258600E-1	0,000000E+0
-9,699777E-1	-9,699777E-1	0,000000E+0
1,233457E+0	1,233457E+0	0,000000E+0
-3,431385E-1	-3,431385E-1	0,000000E+0
4,871323E-1	4,871323E-1	0,000000E+0
5,833334E-1	5,833334E-1	2,000000E+0
-9,099286E-1	-9,099286E-1	0,000000E+0
-5,674036E-1	-5,674036E-1	0,000000E+0
-3,075992E-1	-3,075992E-1	0,000000E+0
-2,094979E+0	-2,094979E+0	0,000000E+0
-1,360304E-1	-1,360304E-1	1,000000E+0
-8,664236E-1	-8,664236E-1	0,000000E+0
1,973034E-1	1,973034E-1	0,000000E+0
-4,197318E-1	-4,197318E-1	0,000000E+0
1,488965E-1	1,488965E-1	1,000000E+0
-9,810071E-1	-9,810071E-1	0,000000E+0
-1,852945E+0	-1,852945E+0	0,000000E+0
1,207102E-1	1,207102E-1	0,000000E+0
-2,481629E-1	-2,481629E-1	0,000000E+0
-3,112757E-1	-3,112757E-1	0,000000E+0
-8,841932E-1	-8,841932E-1	0,000000E+0
-1,160542E+0	-1,160542E+0	0,000000E+0
7,524513E-1	7,524513E-1	0,000000E+0
-9,056393E-1	-9,056393E-1	0,000000E+0
-3,982857E-1	-3,982857E-1	0,000000E+0
-1,292282E+0	-1,292282E+0	0,000000E+0
-7,843156E-1	-7,843156E-1	0,000000E+0
-1,034929E+0	-1,034929E+0	0,000000E+0
1,351104E+0	1,351104E+0	1,000000E+0
-9,215707E-1	-9,215707E-1	0,000000E+0
5,447311E+0	5,447311E+0	6,000000E+0
4,157481E+0	4,157481E+0	4,000000E+0
5,006747E+0	5,006747E+0	4,000000E+0
-6,127536E-2	-6,127536E-2	2,000000E+0
1,980394E+0	1,980394E+0	2,000000E+0
4,337015E+0	4,337015E+0	2,000000E+0
-1,093140E+0	-1,093140E+0	0,000000E+0
8,835790E-1	8,835790E-1	1,000000E+0
5,968138E-1	5,968138E-1	2,000000E+0
3,615194E-1	3,615194E-1	1,000000E+0
-5,379917E-1	-5,379917E-1	0,000000E+0
-4,810064E-1	-4,810064E-1	0,000000E+0
-2,022069E-1	-2,022069E-1	1,000000E+0
-8,486540E-1	-8,486540E-1	0,000000E+0
1,142771E+0	1,142771E+0	1,000000E+0
-9,246345E-1	-9,246345E-1	0,000000E+0
-2,060053E+0	-2,060053E+0	0,000000E+0
-1,068017E+0	-1,068017E+0	0,000000E+0
-1,862136E+0	-1,862136E+0	0,000000E+0
-5,851732E-1	-5,851732E-1	0,000000E+0
1,121937E+0	1,121937E+0	1,000000E+0
1,384798E-1	1,384798E-1	0,000000E+0
-1,072919E+0	-1,072919E+0	0,000000E+0
7,971818E-1	7,971818E-1	1,000000E+0
1,501220E-1	1,501220E-1	0,000000E+0
-1,433826E+0	-1,433826E+0	0,000000E+0
-3,498787E-1	-3,498787E-1	0,000000E+0
1,373776E+0	1,373776E+0	1,000000E+0
1,091300E+0	1,091300E+0	0,000000E+0
-1,324758E+0	-1,324758E+0	0,000000E+0
-2,046579E-1	-2,046579E-1	0,000000E+0
-2,028197E-1	-2,028197E-1	0,000000E+0
-4,424034E-1	-4,424034E-1	0,000000E+0
1,325982E+0	1,325982E+0	1,000000E+0
-6,991439E-1	-6,991439E-1	0,000000E+0
1,544112E-1	1,544112E-1	1,000000E+0
-7,714480E-1	-7,714480E-1	0,000000E+0
-1,322307E+0	-1,322307E+0	0,000000E+0
8,504907E-1	8,504907E-1	0,000000E+0
-2,212021E-1	-2,212021E-1	0,000000E+0
1,339279E+1	1,339279E+1	7,000000E+0
2,379292E+0	2,379292E+0	3,000000E+0
-4,417906E-1	-4,417906E-1	0,000000E+0
4,240814E+0	4,240814E+0	2,000000E+0
-5,514790E-2	-5,514790E-2	1,000000E+0
1,844358E-1	1,844358E-1	1,000000E+0
1,746325E+0	1,746325E+0	2,000000E+0
2,430150E+0	2,430150E+0	2,000000E+0
2,121939E+0	2,121939E+0	1,000000E+0
-9,007442E-2	-9,007442E-2	0,000000E+0
-1,654422E-1	-1,654422E-1	1,000000E+0
1,036153E+0	1,036153E+0	1,000000E+0
-4,889721E-1	-4,889721E-1	0,000000E+0
-2,904424E-1	-2,904424E-1	0,000000E+0
-6,029428E-1	-6,029428E-1	0,000000E+0
-1,397068E-1	-1,397068E-1	0,000000E+0
-6,525752E-1	-6,525752E-1	0,000000E+0
-6,997567E-1	-6,997567E-1	0,000000E+0
4,522058E-1	4,522058E-1	1,000000E+0
9,037996E-1	9,037996E-1	0,000000E+0
-1,819863E-1	-1,819863E-1	0,000000E+0
-4,656877E-1	-4,656877E-1	0,000000E+0
-3,670356E-1	-3,670356E-1	0,000000E+0
-5,723055E-1	-5,723055E-1	0,000000E+0
-5,404427E-1	-5,404427E-1	0,000000E+0
-2,530649E-1	-2,530649E-1	0,000000E+0
-1,387258E+0	-1,387258E+0	0,000000E+0
-6,740282E-2	-6,740282E-2	0,000000E+0
-8,511049E-1	-8,511049E-1	0,000000E+0
-1,815567E+0	-1,815567E+0	0,000000E+0
-1,476725E-1	-1,476725E-1	0,000000E+0
1,640933E+0	1,640933E+0	1,000000E+0
-3,878690E-1	-3,878690E-1	0,000000E+0
-1,128066E+0	-1,128066E+0	0,000000E+0
-9,497639E-2	-9,497639E-2	0,000000E+0
-1,204047E+0	-1,204047E+0	0,000000E+0
-5,931389E-1	-5,931389E-1	0,000000E+0
-1,666677E-1	-1,666677E-1	0,000000E+0
-4,234082E-1	-4,234082E-1	0,000000E+0
-7,126244E-1	-7,126244E-1	0,000000E+0
1,153984E+1	1,153984E+1	7,000000E+0
2,242650E+0	2,242650E+0	2,000000E+0
4,789222E+0	4,789222E+0	4,000000E+0
4,693627E-1	4,693627E-1	3,000000E+0
1,232231E+0	1,232231E+0	2,000000E+0
2,379292E+0	2,379292E+0	3,000000E+0
7,634807E-1	7,634807E-1	2,000000E+0
-3,799033E-1	-3,799033E-1	1,000000E+0
-2,095599E-1	-2,095599E-1	0,000000E+0
3,186203E-2	3,186203E-2	0,000000E+0
-1,304537E+0	-1,304537E+0	0,000000E+0
1,770828E-1	1,770828E-1	1,000000E+0
-1,244488E+0	-1,244488E+0	0,000000E+0
-8,069872E-1	-8,069872E-1	0,000000E+0
-1,998778E+0	-1,998778E+0	0,000000E+0
-9,804012E-2	-9,804012E-2	0,000000E+0
4,528185E-1	4,528185E-1	0,000000E+0
1,158082E-1	1,158082E-1	1,000000E+0
1,126226E+0	1,126226E+0	1,000000E+0
1,004896E-1	1,004896E-1	1,000000E+0
-1,451596E+0	-1,451596E+0	0,000000E+0
-5,379917E-1	-5,379917E-1	0,000000E+0
-6,096830E-1	-6,096830E-1	0,000000E+0
-1,005517E+0	-1,005517E+0	0,000000E+0
-6,158105E-1	-6,158105E-1	0,000000E+0
-1,242650E+0	-1,242650E+0	0,000000E+0
-5,845604E-1	-5,845604E-1	0,000000E+0
3,676400E-2	3,676400E-2	0,000000E+0
-6,482860E-1	-6,482860E-1	0,000000E+0
-1,507363E-1	-1,507363E-1	0,000000E+0
4,491421E-1	4,491421E-1	1,000000E+0
-2,616433E-1	-2,616433E-1	1,000000E+0
-1,800861E+0	-1,800861E+0	0,000000E+0
4,044116E-1	4,044116E-1	0,000000E+0
3,970586E-1	3,970586E-1	0,000000E+0
1,109063E-1	1,109063E-1	1,000000E+0
-7,420362E-1	-7,420362E-1	0,000000E+0
-1,053311E+0	-1,053311E+0	0,000000E+0
-7,616440E-1	-7,616440E-1	0,000000E+0
-2,702217E-1	-2,702217E-1	0,000000E+0
6,390327E+0	6,390327E+0	8,000000E+0
4,000005E+0	4,000005E+0	6,000000E+0
5,298414E+0	5,298414E+0	4,000000E+0
4,550864E+0	4,550864E+0	3,000000E+0
2,362748E+0	2,362748E+0	3,000000E+0
1,031251E+0	1,031251E+0	2,000000E+0
4,816176E-1	4,816176E-1	1,000000E+0
-3,094375E-1	-3,094375E-1	0,000000E+0
1,003064E+0	1,003064E+0	2,000000E+0
4,209557E-1	4,209557E-1	1,000000E+0
-7,285557E-1	-7,285557E-1	0,000000E+0
-3,756141E-1	-3,756141E-1	2,000000E+0
-5,502467E-1	-5,502467E-1	0,000000E+0
-1,534317E+0	-1,534317E+0	0,000000E+0
-7,598058E-1	-7,598058E-1	0,000000E+0
-1,485297E+0	-1,485297E+0	0,000000E+0
4,062498E-1	4,062498E-1	1,000000E+0
3,749998E-1	3,749998E-1	2,000000E+0
3,615125E-2	3,615125E-2	1,000000E+0
-8,357863E-1	-8,357863E-1	0,000000E+0
-1,051473E+0	-1,051473E+0	0,000000E+0
-1,097429E+0	-1,097429E+0	0,000000E+0
-1,840690E+0	-1,840690E+0	0,000000E+0
-2,432609E-1	-2,432609E-1	0,000000E+0
-1,421578E-1	-1,421578E-1	0,000000E+0
2,205809E-2	2,205809E-2	1,000000E+0
-1,406866E+0	-1,406866E+0	0,000000E+0
-1,122551E+0	-1,122551E+0	0,000000E+0
-1,672804E-1	-1,672804E-1	0,000000E+0
-1,127453E+0	-1,127453E+0	0,000000E+0
-1,227944E+0	-1,227944E+0	0,000000E+0
-6,188742E-1	-6,188742E-1	0,000000E+0
-1,075983E+0	-1,075983E+0	0,000000E+0
4,503675E-1	4,503675E-1	0,000000E+0
-1,148899E+0	-1,148899E+0	0,000000E+0
-6,789233E-1	-6,789233E-1	0,000000E+0
-2,377462E-1	-2,377462E-1	0,000000E+0
-1,110296E+0	-1,110296E+0	0,000000E+0
1,039216E+0	1,039216E+0	1,000000E+0
-3,272071E-1	-3,272071E-1	0,000000E+0
1,366423E+1	1,366423E+1	9,000000E+0
8,270845E+0	8,270845E+0	8,000000E+0
2,852945E+0	2,852945E+0	3,000000E+0
1,393384E+0	1,393384E+0	1,000000E+0
-6,128221E-3	-6,128221E-3	0,000000E+0
2,289831E+0	2,289831E+0	2,000000E+0
-1,137257E+0	-1,137257E+0	0,000000E+0
1,331496E+0	1,331496E+0	2,000000E+0
-1,248777E+0	-1,248777E+0	0,000000E+0
6,764708E-1	6,764708E-1	1,000000E+0
3,106615E-1	3,106615E-1	0,000000E+0
4,020226E+0	4,020226E+0	2,000000E+0
-5,631143E-1	-5,631143E-1	0,000000E+0
-1,421578E-1	-1,421578E-1	1,000000E+0
-4,062514E-1	-4,062514E-1	0,000000E+0
2,290444E+0	2,290444E+0	1,000000E+0
-3,143395E-1	-3,143395E-1	1,000000E+0
-3,750013E-1	-3,750013E-1	0,000000E+0
8,762192E-2	8,762192E-2	1,000000E+0
-2,080273E+0	-2,080273E+0	0,000000E+0
-1,504905E+0	-1,504905E+0	1,000000E+0
-9,742669E-1	-9,742669E-1	0,000000E+0
-1,017772E+0	-1,017772E+0	0,000000E+0
-1,669121E+0	-1,669121E+0	0,000000E+0
-1,935665E+0	-1,935665E+0	0,000000E+0
-8,455971E-2	-8,455971E-2	0,000000E+0
6,519610E-1	6,519610E-1	0,000000E+0
-1,197919E+0	-1,197919E+0	0,000000E+0
-5,036780E-1	-5,036780E-1	0,000000E+0
-2,414227E-1	-2,414227E-1	0,000000E+0
-7,353713E-3	-7,353713E-3	0,000000E+0
-1,191792E+0	-1,191792E+0	0,000000E+0
-1,911775E-1	-1,911775E-1	0,000000E+0
-9,240217E-1	-9,240217E-1	0,000000E+0
-9,264727E-1	-9,264727E-1	0,000000E+0
-1,028801E+0	-1,028801E+0	0,000000E+0
-1,450371E+0	-1,450371E+0	0,000000E+0
4,540440E-1	4,540440E-1	0,000000E+0
-5,747565E-1	-5,747565E-1	0,000000E+0
1,323531E+0	1,323531E+0	1,000000E+0
1,486277E+1	1,486277E+1	1,000000E+1
3,066793E+0	3,066793E+0	3,000000E+0
4,126844E+0	4,126844E+0	3,000000E+0
1,554536E+0	1,554536E+0	2,000000E+0
1,043506E+0	1,043506E+0	1,000000E+0
1,838850E+0	1,838850E+0	1,000000E+0
8,051475E-1	8,051475E-1	0,000000E+0
-7,873794E-1	-7,873794E-1	0,000000E+0
-1,492037E+0	-1,492037E+0	0,000000E+0
1,202207E+0	1,202207E+0	1,000000E+0
-3,590699E-1	-3,590699E-1	0,000000E+0
4,104172E+0	4,104172E+0	3,000000E+0
-1,096816E+0	-1,096816E+0	0,000000E+0
-1,209561E+0	-1,209561E+0	1,000000E+0
-1,083948E+0	-1,083948E+0	0,000000E+0
-1,048409E+0	-1,048409E+0	0,000000E+0
-2,095599E-1	-2,095599E-1	0,000000E+0
-2,941257E-2	-2,941257E-2	0,000000E+0
1,366416E-1	1,366416E-1	0,000000E+0
5,416667E-1	5,416667E-1	0,000000E+0
-7,935068E-1	-7,935068E-1	0,000000E+0
-1,398287E+0	-1,398287E+0	0,000000E+0
-7,837029E-1	-7,837029E-1	0,000000E+0
-3,492660E-1	-3,492660E-1	0,000000E+0
-5,337025E-1	-5,337025E-1	0,000000E+0
-4,534328E-1	-4,534328E-1	0,000000E+0
-1,068630E+0	-1,068630E+0	0,000000E+0
-8,946168E-2	-8,946168E-2	1,000000E+0
-5,269623E-1	-5,269623E-1	0,000000E+0
1,409308E-1	1,409308E-1	0,000000E+0
-5,055162E-1	-5,055162E-1	0,000000E+0
-4,889721E-1	-4,889721E-1	0,000000E+0
-4,607857E-1	-4,607857E-1	0,000000E+0
-1,431988E+0	-1,431988E+0	0,000000E+0
-1,164293E-2	-1,164293E-2	0,000000E+0
-1,480395E+0	-1,480395E+0	0,000000E+0
-2,077217E-1	-2,077217E-1	0,000000E+0
-9,136050E-1	-9,136050E-1	0,000000E+0
2,490199E+0	2,490199E+0	3,000000E+0
-7,879921E-1	-7,879921E-1	0,000000E+0
1,842405E+1	1,842405E+1	1,200000E+1
5,742042E+0	5,742042E+0	5,000000E+0
1,882355E+0	1,882355E+0	2,000000E+0
-9,111541E-1	-9,111541E-1	0,000000E+0
1,778188E+0	1,778188E+0	2,000000E+0
1,069241E+0	1,069241E+0	2,000000E+0
-7,261048E-1	-7,261048E-1	1,000000E+0
5,557599E-1	5,557599E-1	2,000000E+0
5,863972E-1	5,863972E-1	0,000000E+0
-2,040452E-1	-2,040452E-1	0,000000E+0
1,566791E+0	1,566791E+0	1,000000E+0
-9,038011E-1	-9,038011E-1	0,000000E+0
-4,534396E-2	-4,534396E-2	0,000000E+0
-1,325370E+0	-1,325370E+0	0,000000E+0
4,656862E-1	4,656862E-1	1,000000E+0
6,905640E-1	6,905640E-1	1,000000E+0
5,404412E-1	5,404412E-1	0,000000E+0
7,414150E-2	7,414150E-2	0,000000E+0
-3,860307E-1	-3,860307E-1	0,000000E+0
-1,329660E+0	-1,329660E+0	0,000000E+0
-8,578520E-2	-8,578520E-2	1,000000E+0
-1,112747E+0	-1,112747E+0	0,000000E+0
-3,799033E-1	-3,799033E-1	0,000000E+0
-1,158091E+0	-1,158091E+0	0,000000E+0
-5,631143E-1	-5,631143E-1	0,000000E+0
9,191114E-2	9,191114E-2	0,000000E+0
-2,843149E-1	-2,843149E-1	0,000000E+0
-5,367663E-1	-5,367663E-1	0,000000E+0
-7,359087E-1	-7,359087E-1	0,000000E+0
1,612747E+0	1,612747E+0	2,000000E+0
-1,039831E+0	-1,039831E+0	0,000000E+0
-9,981640E-1	-9,981640E-1	0,000000E+0
-1,053924E+0	-1,053924E+0	0,000000E+0
-3,878690E-1	-3,878690E-1	0,000000E+0
-8,051490E-1	-8,051490E-1	0,000000E+0
3,062969E-3	3,062969E-3	0,000000E+0
-8,149598E-2	-8,149598E-2	0,000000E+0
-1,397674E+0	-1,397674E+0	0,000000E+0
-2,346825E-1	-2,346825E-1	0,000000E+0
-8,100510E-1	-8,100510E-1	0,000000E+0
1,200247E+1	1,200247E+1	1,100000E+1
2,400738E+0	2,400738E+0	2,000000E+0
1,499389E+0	1,499389E+0	3,000000E+0
1,552698E+0	1,552698E+0	2,000000E+0
2,275125E+0	2,275125E+0	2,000000E+0
7,653190E-1	7,653190E-1	2,000000E+0
2,440567E+0	2,440567E+0	2,000000E+0
-2,420354E-1	-2,420354E-1	0,000000E+0
-7,291685E-1	-7,291685E-1	0,000000E+0
-3,406875E-1	-3,406875E-1	0,000000E+0
3,860224E-2	3,860224E-2	1,000000E+0
3,814343E+0	3,814343E+0	4,000000E+0
-6,917910E-1	-6,917910E-1	0,000000E+0
-1,819863E-1	-1,819863E-1	0,000000E+0
-6,378693E-1	-6,378693E-1	0,000000E+0
-7,665460E-1	-7,665460E-1	0,000000E+0
-7,843225E-2	-7,843225E-2	1,000000E+0
1,170337E-1	1,170337E-1	1,000000E+0
-1,534317E+0	-1,534317E+0	0,000000E+0
-6,433909E-2	-6,433909E-2	0,000000E+0
-7,867666E-1	-7,867666E-1	0,000000E+0
-1,094978E+0	-1,094978E+0	0,000000E+0
-9,987767E-1	-9,987767E-1	0,000000E+0
-8,566197E-1	-8,566197E-1	0,000000E+0
-5,845604E-1	-5,845604E-1	0,000000E+0
-1,253066E+0	-1,253066E+0	0,000000E+0
-1,406253E+0	-1,406253E+0	0,000000E+0
3,069850E-1	3,069850E-1	1,000000E+0
-3,737827E-2	-3,737827E-2	0,000000E+0
-1,465689E+0	-1,465689E+0	0,000000E+0
1,501840E+0	1,501840E+0	1,000000E+0
3,823527E-1	3,823527E-1	0,000000E+0
-1,123164E+0	-1,123164E+0	0,000000E+0
-7,702225E-1	-7,702225E-1	0,000000E+0
-1,134194E+0	-1,134194E+0	0,000000E+0
-1,320468E+0	-1,320468E+0	0,000000E+0
-1,055762E+0	-1,055762E+0	0,000000E+0
-9,411786E-1	-9,411786E-1	0,000000E+0
-3,259816E-1	-3,259816E-1	0,000000E+0
-1,595591E+0	-1,595591E+0	0,000000E+0
7,754300E+0	7,754300E+0	7,000000E+0
5,427703E+0	5,427703E+0	4,000000E+0
3,615813E+0	3,615813E+0	3,000000E+0
-1,724881E+0	-1,724881E+0	0,000000E+0
3,057602E+0	3,057602E+0	5,000000E+0
4,718068E-2	4,718068E-2	1,000000E+0
2,123777E+0	2,123777E+0	1,000000E+0
3,474262E-1	3,474262E-1	0,000000E+0
-8,639795E-2	-8,639795E-2	1,000000E+0
-1,360910E+0	-1,360910E+0	0,000000E+0
-4,381141E-1	-4,381141E-1	0,000000E+0
-2,469374E-1	-2,469374E-1	0,000000E+0
-4,111533E-1	-4,111533E-1	0,000000E+0
-9,099286E-1	-9,099286E-1	0,000000E+0
-1,022061E+0	-1,022061E+0	0,000000E+0
-1,194243E+0	-1,194243E+0	0,000000E+0
-8,860315E-1	-8,860315E-1	0,000000E+0
-5,379917E-1	-5,379917E-1	0,000000E+0
-5,643398E-1	-5,643398E-1	0,000000E+0
4,607842E-1	4,607842E-1	1,000000E+0
2,426467E-1	2,426467E-1	1,000000E+0
1,029406E-1	1,029406E-1	0,000000E+0
-7,549038E-1	-7,549038E-1	0,000000E+0
7,530641E-1	7,530641E-1	1,000000E+0
-2,904424E-1	-2,904424E-1	0,000000E+0
6,047795E-1	6,047795E-1	0,000000E+0
-1,207117E-1	-1,207117E-1	0,000000E+0
4,920343E-1	4,920343E-1	1,000000E+0
6,188727E-1	6,188727E-1	1,000000E+0
7,481621E-1	7,481621E-1	1,000000E+0
1,531857E-1	1,531857E-1	1,000000E+0
-2,573541E-1	-2,573541E-1	0,000000E+0
-9,283109E-1	-9,283109E-1	0,000000E+0
-2,089471E-1	-2,089471E-1	0,000000E+0
-1,562510E-1	-1,562510E-1	0,000000E+0
2,042894E+0	2,042894E+0	3,000000E+0
7,034316E-1	7,034316E-1	0,000000E+0
-1,333336E+0	-1,333336E+0	0,000000E+0
-2,377462E-1	-2,377462E-1	0,000000E+0
-3,866435E-1	-3,866435E-1	0,000000E+0
