-1,031623E+0	-1,031623E+0	1,000000E+0
1,053757E-2	1,053757E-2	0,000000E+0
1,024497E-1	1,024497E-1	0,000000E+0
-1,476478E+0	-1,476478E+0	0,000000E+0
-7,414262E-1	-7,414262E-1	1,000000E+0
-6,970633E-1	-6,970633E-1	0,000000E+0
-7,647106E-1	-7,647106E-1	0,000000E+0
-7,426669E-2	-7,426669E-2	2,000000E+0
3,142153E-1	3,142153E-1	0,000000E+0
1,183581E+0	1,183581E+0	0,000000E+0
-1,796823E+0	-1,796823E+0	0,000000E+0
5,774516E-1	5,774516E-1	0,000000E+0
-3,923269E-3	-3,923269E-3	1,000000E+0
2,509797E-1	2,509797E-1	0,000000E+0
-5,627490E-1	-5,627490E-1	3,000000E+0
1,740035E-2	1,740035E-2	1,000000E+0
-1,155153E+0	-1,155153E+0	0,000000E+0
1,106620E+0	1,106620E+0	4,000000E+0
-1,615219E-1	-1,615219E-1	0,000000E+0
3,126726E+0	3,126726E+0	1,000000E+0
1,366425E+0	1,366425E+0	0,000000E+0
-6,982888E-1	-6,982888E-1	0,000000E+0
-1,495106E+0	-1,495106E+0	0,000000E+0
-1,117898E+0	-1,117898E+0	0,000000E+0
-1,916691E-1	-1,916691E-1	1,000000E+0
1,324513E+0	1,324513E+0	0,000000E+0
-1,384321E+0	-1,384321E+0	2,000000E+0
1,487994E+0	1,487994E+0	2,000000E+0
6,053929E-1	6,053929E-1	1,000000E+0
-5,470627E-1	-5,470627E-1	1,000000E+0
5,269612E-1	5,269612E-1	3,000000E+0
-1,473537E+0	-1,473537E+0	0,000000E+0
5,249039E+0	5,249039E+0	0,000000E+0
-9,218191E-1	-9,218191E-1	1,000000E+0
-9,990253E-1	-9,990253E-1	3,000000E+0
-1,389728E-1	-1,389728E-1	0,000000E+0
3,308100E+0	3,308100E+0	2,000000E+0
3,357840E-1	3,357840E-1	1,000000E+0
3,056368E-1	3,056368E-1	1,000000E+0
2,394601E-1	2,394601E-1	0,000000E+0
3,017412E+0	3,017412E+0	0,000000E+0
3,259800E-1	3,259800E-1	1,000000E+0
-1,084565E+0	-1,084565E+0	1,000000E+0
-7,451178E-2	-7,451178E-2	0,000000E+0
-1,311527E+0	-1,311527E+0	0,000000E+0
-1,081624E+0	-1,081624E+0	0,000000E+0
-1,372066E+0	-1,372066E+0	0,000000E+0
1,871574E+0	1,871574E+0	0,000000E+0
-8,698581E-1	-8,698581E-1	0,000000E+0
-9,306426E-1	-9,306426E-1	0,000000E+0
9,789238E-1	9,789238E-1	0,000000E+0
3,955881E-1	3,955881E-1	0,000000E+0
6,848050E-1	6,848050E-1	0,000000E+0
-9,762311E-1	-9,762311E-1	0,000000E+0
-1,139727E-1	-1,139727E-1	0,000000E+0
-2,030157E+0	-2,030157E+0	0,000000E+0
3,208329E-1	3,208329E-1	0,000000E+0
-4,669153E-1	-4,669153E-1	0,000000E+0
-8,112794E-1	-8,112794E-1	2,000000E+0
-7,448576E-1	-7,448576E-1	0,000000E+0
1,637015E+0	1,637015E+0	0,000000E+0
6,102797E-2	6,102797E-2	0,000000E+0
1,694368E+0	1,694368E+0	0,000000E+0
1,136032E+0	1,136032E+0	0,000000E+0
-1,048780E+0	-1,048780E+0	0,000000E+0
1,017649E+0	1,017649E+0	0,000000E+0
-1,516919E+0	-1,516919E+0	0,000000E+0
5,142160E-1	5,142160E-1	1,000000E+0
-2,397315E+0	-2,397315E+0	1,000000E+0
-6,164257E-1	-6,164257E-1	0,000000E+0
6,566186E-1	6,566186E-1	1,000000E+0
1,357832E-1	1,357832E-1	0,000000E+0
-7,713283E-1	-7,713283E-1	0,000000E+0
-1,540449E+0	-1,540449E+0	1,000000E+0
7,911779E-1	7,911779E-1	0,000000E+0
-5,098076E-1	-5,098076E-1	0,000000E+0
-1,349762E+0	-1,349762E+0	0,000000E+0
-5,735485E-2	-5,735485E-2	1,000000E+0
2,335777E-1	2,335777E-1	1,000000E+0
1,474759E+0	1,474759E+0	0,000000E+0
4,389706E-1	4,389706E-1	0,000000E+0
-1,345610E-1	-1,345610E-1	0,000000E+0
3,323526E-1	3,323526E-1	0,000000E+0
-9,727997E-1	-9,727997E-1	0,000000E+0
-2,495125E-1	-2,495125E-1	0,000000E+0
-2,034339E-1	-2,034339E-1	1,000000E+0
-4,676506E-1	-4,676506E-1	1,000000E+0
-6,196120E-1	-6,196120E-1	0,000000E+0
1,144366E+0	1,144366E+0	1,000000E+0
-7,031908E-1	-7,031908E-1	0,000000E+0
-1,122570E-1	-1,122570E-1	0,000000E+0
-8,938778E-1	-8,938778E-1	0,000000E+0
-8,764758E-1	-8,764758E-1	0,000000E+0
-1,564959E+0	-1,564959E+0	0,000000E+0
-7,458380E-1	-7,458380E-1	0,000000E+0
-1,000006E+0	-1,000006E+0	1,000000E+0
-1,665940E+0	-1,665940E+0	0,000000E+0
-7,208379E-1	-7,208379E-1	0,000000E+0
-6,470631E-1	-6,470631E-1	0,000000E+0
-4,166700E-1	-4,166700E-1	0,000000E+0
-2,816205E-1	-2,816205E-1	0,000000E+0
-1,038731E+0	-1,038731E+0	0,000000E+0
4,769610E-1	4,769610E-1	0,000000E+0
-2,617674E-1	-2,617674E-1	0,000000E+0
-1,165938E+0	-1,165938E+0	0,000000E+0
-1,052947E+0	-1,052947E+0	0,000000E+0
2,040693E+0	2,040693E+0	0,000000E+0
-2,264732E-1	-2,264732E-1	0,000000E+0
-1,395841E+0	-1,395841E+0	0,000000E+0
-1,164957E+0	-1,164957E+0	0,000000E+0
-9,965743E-1	-9,965743E-1	2,000000E+0
9,164235E-1	9,164235E-1	0,000000E+0
-1,461282E+0	-1,461282E+0	0,000000E+0
-1,238487E+0	-1,238487E+0	0,000000E+0
-9,436480E-2	-9,436480E-2	1,000000E+0
1,005394E+0	1,005394E+0	0,000000E+0
-1,232850E+0	-1,232850E+0	0,000000E+0
-1,356380E+0	-1,356380E+0	0,000000E+0
-7,477988E-1	-7,477988E-1	0,000000E+0
1,446067E-1	1,446067E-1	1,000000E+0
6,188733E-1	6,188733E-1	0,000000E+0
-2,833361E-1	-2,833361E-1	3,000000E+0
-1,621577E+0	-1,621577E+0	0,000000E+0
-1,151722E+0	-1,151722E+0	0,000000E+0
-1,169139E-1	-1,169139E-1	0,000000E+0
1,197062E+0	1,197062E+0	0,000000E+0
-6,201173E-2	-6,201173E-2	0,000000E+0
-5,340724E-1	-5,340724E-1	0,000000E+0
-1,328193E+0	-1,328193E+0	0,000000E+0
8,703449E-1	8,703449E-1	0,000000E+0
-1,879911E+0	-1,879911E+0	0,000000E+0
-1,595841E+0	-1,595841E+0	0,000000E+0
-1,280644E+0	-1,280644E+0	1,000000E+0
-1,611528E+0	-1,611528E+0	0,000000E+0
1,029399E-1	1,029399E-1	0,000000E+0
-1,352963E-1	-1,352963E-1	0,000000E+0
-3,659345E-1	-3,659345E-1	0,000000E+0
1,903682E+0	1,903682E+0	0,000000E+0
1,531852E-1	1,531852E-1	0,000000E+0
-1,066673E+0	-1,066673E+0	0,000000E+0
-3,051500E-1	-3,051500E-1	0,000000E+0
7,134815E-1	7,134815E-1	0,000000E+0
-1,651969E+0	-1,651969E+0	0,000000E+0
2,705876E-1	2,705876E-1	0,000000E+0
-1,273536E+0	-1,273536E+0	0,000000E+0
-2,444619E+0	-2,444619E+0	0,000000E+0
-1,894632E-1	-1,894632E-1	0,000000E+0
-1,562998E+0	-1,562998E+0	0,000000E+0
6,936285E-1	6,936285E-1	0,000000E+0
-2,980421E-1	-2,980421E-1	0,000000E+0
-7,666714E-1	-7,666714E-1	0,000000E+0
1,959108E-3	1,959108E-3	0,000000E+0
-3,502482E-1	-3,502482E-1	0,000000E+0
-9,311328E-1	-9,311328E-1	0,000000E+0
-5,093174E-1	-5,093174E-1	0,000000E+0
-6,617690E-1	-6,617690E-1	0,000000E+0
8,235158E-2	8,235158E-2	0,000000E+0
-9,938782E-1	-9,938782E-1	0,000000E+0
1,215674E-1	1,215674E-1	0,000000E+0
-4,522094E-1	-4,522094E-1	0,000000E+0
-6,227983E-1	-6,227983E-1	0,000000E+0
-1,154433E-1	-1,154433E-1	0,000000E+0
8,036780E-1	8,036780E-1	0,000000E+0
-3,960817E-1	-3,960817E-1	0,000000E+0
7,377312E-2	7,377312E-2	0,000000E+0
-8,840738E-1	-8,840738E-1	0,000000E+0
-1,741675E+0	-1,741675E+0	0,000000E+0
-1,129173E+0	-1,129173E+0	0,000000E+0
-1,780156E+0	-1,780156E+0	0,000000E+0
-7,370144E-1	-7,370144E-1	0,000000E+0
-4,416701E-1	-4,416701E-1	0,000000E+0
5,115200E-1	5,115200E-1	0,000000E+0
2,612739E-1	2,612739E-1	0,000000E+0
-2,791695E-1	-2,791695E-1	0,000000E+0
-1,593635E+0	-1,593635E+0	0,000000E+0
1,742407E+0	1,742407E+0	0,000000E+0
1,053189E+0	1,053189E+0	0,000000E+0
-7,701028E-1	-7,701028E-1	0,000000E+0
-1,604910E+0	-1,604910E+0	0,000000E+0
-6,438768E-1	-6,438768E-1	0,000000E+0
-6,882397E-1	-6,882397E-1	0,000000E+0
3,186119E-2	3,186119E-2	0,000000E+0
2,458326E-1	2,458326E-1	0,000000E+0
-4,735330E-1	-4,735330E-1	0,000000E+0
-3,453462E-1	-3,453462E-1	0,000000E+0
-1,458831E+0	-1,458831E+0	1,000000E+0
-7,316222E-1	-7,316222E-1	0,000000E+0
-1,121330E+0	-1,121330E+0	0,000000E+0
-1,692901E+0	-1,692901E+0	0,000000E+0
-4,404446E-1	-4,404446E-1	0,000000E+0
8,186139E-2	8,186139E-2	0,000000E+0
1,443616E-1	1,443616E-1	0,000000E+0
-4,080915E-1	-4,080915E-1	0,000000E+0
1,201964E+0	1,201964E+0	0,000000E+0
-1,742671E-1	-1,742671E-1	0,000000E+0
-9,379956E-1	-9,379956E-1	0,000000E+0
-1,433586E+0	-1,433586E+0	0,000000E+0
-3,529443E-1	-3,529443E-1	0,000000E+0
-9,877659E-2	-9,877659E-2	0,000000E+0
-6,387297E-1	-6,387297E-1	0,000000E+0
-1,279419E+0	-1,279419E+0	0,000000E+0
-6,593180E-1	-6,593180E-1	1,000000E+0
9,557177E-3	9,557177E-3	2,000000E+0
2,843132E-1	2,843132E-1	1,000000E+0
3,082609E+0	3,082609E+0	1,000000E+0
1,218631E+0	1,218631E+0	2,000000E+0
-1,094859E+0	-1,094859E+0	1,000000E+0
-6,713279E-1	-6,713279E-1	0,000000E+0
2,175007E+0	2,175007E+0	0,000000E+0
9,306393E-1	9,306393E-1	0,000000E+0
5,507358E-1	5,507358E-1	1,000000E+0
1,706868E+0	1,706868E+0	1,000000E+0
-6,568670E-1	-6,568670E-1	0,000000E+0
1,621573E+0	1,621573E+0	3,000000E+0
-9,970645E-1	-9,970645E-1	0,000000E+0
1,846574E+0	1,846574E+0	1,000000E+0
-3,676654E-2	-3,676654E-2	4,000000E+0
-1,661283E+0	-1,661283E+0	0,000000E+0
-1,095609E-1	-1,095609E-1	1,000000E+0
-1,651234E+0	-1,651234E+0	2,000000E+0
3,821077E-1	3,821077E-1	2,000000E+0
7,272071E-1	7,272071E-1	1,000000E+0
3,911763E-1	3,911763E-1	0,000000E+0
-6,546612E-1	-6,546612E-1	1,000000E+0
7,080894E-1	7,080894E-1	1,000000E+0
6,465695E-1	6,465695E-1	1,000000E+0
6,848050E-1	6,848050E-1	4,000000E+0
-2,181550E-2	-2,181550E-2	1,000000E+0
-1,119859E+0	-1,119859E+0	2,000000E+0
-8,789267E-1	-8,789267E-1	1,000000E+0
3,836043E+0	3,836043E+0	2,000000E+0
5,237749E-1	5,237749E-1	1,000000E+0
-8,593188E-1	-8,593188E-1	1,000000E+0
-1,198291E+0	-1,198291E+0	2,000000E+0
-6,605435E-1	-6,605435E-1	1,000000E+0
-1,148045E+0	-1,148045E+0	3,000000E+0
8,593155E-1	8,593155E-1	0,000000E+0
-3,622580E-1	-3,622580E-1	5,000000E+0
9,174039E-1	9,174039E-1	1,000000E+0
1,538485E+0	1,538485E+0	2,000000E+0
3,200256E+0	3,200256E+0	0,000000E+0
1,848290E+0	1,848290E+0	0,000000E+0
3,919116E-1	3,919116E-1	1,000000E+0
-1,539469E+0	-1,539469E+0	1,000000E+0
2,921563E-1	2,921563E-1	0,000000E+0
-1,261281E+0	-1,261281E+0	0,000000E+0
1,763976E+0	1,763976E+0	1,000000E+0
-1,065937E+0	-1,065937E+0	0,000000E+0
9,691198E-1	9,691198E-1	0,000000E+0
7,916530E-2	7,916530E-2	2,000000E+0
-4,455917E-1	-4,455917E-1	0,000000E+0
-4,583368E-1	-4,583368E-1	1,000000E+0
2,375498E+0	2,375498E+0	0,000000E+0
2,672313E+0	2,672313E+0	0,000000E+0
-1,022080E-1	-1,022080E-1	0,000000E+0
-4,789252E-1	-4,789252E-1	0,000000E+0
-1,200742E+0	-1,200742E+0	0,000000E+0
-1,019614E+0	-1,019614E+0	0,000000E+0
-4,921605E-1	-4,921605E-1	0,000000E+0
-3,970621E-1	-3,970621E-1	1,000000E+0
4,877454E-1	4,877454E-1	0,000000E+0
1,905398E+0	1,905398E+0	0,000000E+0
-3,061304E-1	-3,061304E-1	4,000000E+0
1,416655E-1	1,416655E-1	1,000000E+0
-9,034367E-1	-9,034367E-1	2,000000E+0
-3,120127E-1	-3,120127E-1	0,000000E+0
-4,730428E-1	-4,730428E-1	1,000000E+0
-6,919162E-1	-6,919162E-1	1,000000E+0
-1,191428E+0	-1,191428E+0	0,000000E+0
-8,727993E-1	-8,727993E-1	2,000000E+0
3,607841E-1	3,607841E-1	0,000000E+0
7,593151E-1	7,593151E-1	0,000000E+0
-1,197310E+0	-1,197310E+0	0,000000E+0
-1,448047E+0	-1,448047E+0	0,000000E+0
-1,319370E+0	-1,319370E+0	0,000000E+0
3,855391E-1	3,855391E-1	0,000000E+0
-1,130153E+0	-1,130153E+0	0,000000E+0
-5,252489E-1	-5,252489E-1	0,000000E+0
2,568621E-1	2,568621E-1	2,000000E+0
-1,901985E-1	-1,901985E-1	0,000000E+0
-6,186316E-1	-6,186316E-1	0,000000E+0
-6,921613E-1	-6,921613E-1	0,000000E+0
-1,462753E+0	-1,462753E+0	0,000000E+0
2,548293E+0	2,548293E+0	1,000000E+0
-4,267191E-1	-4,267191E-1	0,000000E+0
-9,490251E-1	-9,490251E-1	0,000000E+0
-2,473066E-1	-2,473066E-1	0,000000E+0
-1,583341E+0	-1,583341E+0	1,000000E+0
-2,152706E+0	-2,152706E+0	0,000000E+0
-1,499763E+0	-1,499763E+0	0,000000E+0
-2,132530E-2	-2,132530E-2	0,000000E+0
-1,040937E+0	-1,040937E+0	1,000000E+0
5,438730E-1	5,438730E-1	0,000000E+0
-1,282360E+0	-1,282360E+0	0,000000E+0
-5,120135E-1	-5,120135E-1	0,000000E+0
-5,198567E-1	-5,198567E-1	0,000000E+0
-2,489472E+0	-2,489472E+0	0,000000E+0
-9,686330E-1	-9,686330E-1	0,000000E+0
-5,779452E-1	-5,779452E-1	1,000000E+0
-6,088276E-1	-6,088276E-1	0,000000E+0
1,706868E+0	1,706868E+0	0,000000E+0
1,759074E+0	1,759074E+0	0,000000E+0
3,350487E-1	3,350487E-1	0,000000E+0
-2,625027E-1	-2,625027E-1	0,000000E+0
-6,835828E-1	-6,835828E-1	1,000000E+0
-2,397085E-1	-2,397085E-1	0,000000E+0
-5,870138E-1	-5,870138E-1	0,000000E+0
-4,639741E-1	-4,639741E-1	0,000000E+0
-8,933876E-1	-8,933876E-1	0,000000E+0
-1,268144E+0	-1,268144E+0	0,000000E+0
-8,517208E-1	-8,517208E-1	0,000000E+0
-6,843181E-1	-6,843181E-1	0,000000E+0
-9,522114E-1	-9,522114E-1	0,000000E+0
-3,987778E-1	-3,987778E-1	0,000000E+0
-2,602968E-1	-2,602968E-1	0,000000E+0
-7,828479E-1	-7,828479E-1	0,000000E+0
-8,620149E-1	-8,620149E-1	0,000000E+0
-2,353442E+0	-2,353442E+0	0,000000E+0
2,333586E+0	2,333586E+0	0,000000E+0
-7,277007E-1	-7,277007E-1	0,000000E+0
-4,879938E-1	-4,879938E-1	0,000000E+0
-2,042657E+0	-2,042657E+0	0,000000E+0
-6,328473E-1	-6,328473E-1	0,000000E+0
-1,128928E+0	-1,128928E+0	0,000000E+0
1,098532E+0	1,098532E+0	0,000000E+0
-5,938766E-1	-5,938766E-1	0,000000E+0
6,825991E-1	6,825991E-1	0,000000E+0
-8,098088E-1	-8,098088E-1	0,000000E+0
-6,274552E-1	-6,274552E-1	1,000000E+0
-7,399556E-1	-7,399556E-1	0,000000E+0
-9,784369E-1	-9,784369E-1	0,000000E+0
-1,051967E+0	-1,051967E+0	0,000000E+0
-2,909342E-1	-2,909342E-1	2,000000E+0
2,909569E+0	2,909569E+0	0,000000E+0
-3,595619E-1	-3,595619E-1	0,000000E+0
-2,181550E-2	-2,181550E-2	0,000000E+0
-6,041708E-1	-6,041708E-1	0,000000E+0
-1,871823E+0	-1,871823E+0	0,000000E+0
-1,024270E+0	-1,024270E+0	0,000000E+0
-1,766675E+0	-1,766675E+0	0,000000E+0
-9,475545E-1	-9,475545E-1	0,000000E+0
-1,345610E-1	-1,345610E-1	1,000000E+0
-1,743146E+0	-1,743146E+0	0,000000E+0
-3,970621E-1	-3,970621E-1	0,000000E+0
-1,946333E+0	-1,946333E+0	0,000000E+0
5,882208E-2	5,882208E-2	0,000000E+0
-9,617702E-1	-9,617702E-1	0,000000E+0
-4,620133E-1	-4,620133E-1	0,000000E+0
-5,590725E-1	-5,590725E-1	0,000000E+0
-1,894632E-1	-1,894632E-1	0,000000E+0
-4,468172E-1	-4,468172E-1	2,000000E+0
-8,387305E-1	-8,387305E-1	0,000000E+0
-7,946127E-1	-7,946127E-1	0,000000E+0
-3,931405E-1	-3,931405E-1	0,000000E+0
-5,029449E-1	-5,029449E-1	0,000000E+0
-4,745134E-1	-4,745134E-1	0,000000E+0
-2,097804E+0	-2,097804E+0	0,000000E+0
-1,617655E+0	-1,617655E+0	1,000000E+0
1,480396E+0	1,480396E+0	1,000000E+0
-3,428952E-1	-3,428952E-1	0,000000E+0
-6,350532E-1	-6,350532E-1	1,000000E+0
-1,270840E+0	-1,270840E+0	0,000000E+0
-3,497580E-1	-3,497580E-1	0,000000E+0
-1,704420E+0	-1,704420E+0	0,000000E+0
-2,208589E+0	-2,208589E+0	0,000000E+0
-8,740248E-1	-8,740248E-1	0,000000E+0
-7,906911E-1	-7,906911E-1	0,000000E+0
1,413975E+0	1,413975E+0	0,000000E+0
-4,541702E-1	-4,541702E-1	0,000000E+0
5,622555E-1	5,622555E-1	0,000000E+0
-4,230426E-1	-4,230426E-1	0,000000E+0
-1,433341E+0	-1,433341E+0	0,000000E+0
-5,299058E-1	-5,299058E-1	0,000000E+0
-1,303928E+0	-1,303928E+0	0,000000E+0
-2,850518E-1	-2,850518E-1	0,000000E+0
-1,737754E+0	-1,737754E+0	0,000000E+0
-6,852985E-1	-6,852985E-1	0,000000E+0
-1,257850E+0	-1,257850E+0	0,000000E+0
-8,963288E-1	-8,963288E-1	0,000000E+0
-5,343327E-2	-5,343327E-2	0,000000E+0
-2,879930E-1	-2,879930E-1	0,000000E+0
1,438714E-1	1,438714E-1	0,000000E+0
-2,424046E-1	-2,424046E-1	0,000000E+0
-1,380890E+0	-1,380890E+0	0,000000E+0
-7,857891E-1	-7,857891E-1	0,000000E+0
-8,002500E-1	-8,002500E-1	0,000000E+0
-1,481380E+0	-1,481380E+0	0,000000E+0
-1,332850E+0	-1,332850E+0	0,000000E+0
-3,872733E-2	-3,872733E-2	0,000000E+0
-2,008343E+0	-2,008343E+0	0,000000E+0
-1,123781E+0	-1,123781E+0	0,000000E+0
1,651951E-1	1,651951E-1	0,000000E+0
-3,769640E-1	-3,769640E-1	0,000000E+0
-6,843181E-1	-6,843181E-1	0,000000E+0
-2,426649E-2	-2,426649E-2	1,000000E+0
-3,892189E-1	-3,892189E-1	0,000000E+0
-9,063778E-1	-9,063778E-1	0,000000E+0
9,622570E-1	9,622570E-1	0,000000E+0
-5,497588E-1	-5,497588E-1	0,000000E+0
-1,526723E+0	-1,526723E+0	0,000000E+0
