NaN	-0,000000	0,000000	0,000000	0,000000	0,000000	0,000000	0,000000
8,460538	0,027819	8,434452	8,438653	8,482102	8,486944	0,000000	0,000000
NaN	-0,000000	0,000000	0,000000	0,000000	0,000000	0,000000	0,000000
8,446277	0,022818	8,430143	8,462412	0,000000	0,000000	0,000000	0,000000
NaN	-0,000000	0,000000	0,000000	0,000000	0,000000	0,000000	0,000000
NaN	-0,000000	0,000000	0,000000	0,000000	0,000000	0,000000	0,000000
NaN	-0,000000	0,000000	0,000000	0,000000	0,000000	0,000000	0,000000
8,425344	0,015240	8,412348	8,421567	8,442118	0,000000	0,000000	0,000000
8,458628	0,025982	8,440256	8,477000	0,000000	0,000000	0,000000	0,000000
NaN	-0,000000	0,000000	0,000000	0,000000	0,000000	0,000000	0,000000
8,456141	NaN	8,456141	0,000000	0,000000	0,000000	0,000000	0,000000
8,430718	0,013567	8,421124	8,440312	0,000000	0,000000	0,000000	0,000000
8,429818	0,010178	8,422622	8,437015	0,000000	0,000000	0,000000	0,000000
8,428913	NaN	8,428913	0,000000	0,000000	0,000000	0,000000	0,000000
8,444737	NaN	8,444737	0,000000	0,000000	0,000000	0,000000	0,000000
8,429528	0,012853	8,415261	8,433122	8,440202	0,000000	0,000000	0,000000
8,418308	NaN	8,418308	0,000000	0,000000	0,000000	0,000000	0,000000
NaN	-0,000000	0,000000	0,000000	0,000000	0,000000	0,000000	0,000000
8,494653	0,071848	8,426956	8,443134	8,530353	8,578168	0,000000	0,000000
NaN	-0,000000	0,000000	0,000000	0,000000	0,000000	0,000000	0,000000
8,435667	NaN	8,435667	0,000000	0,000000	0,000000	0,000000	0,000000
8,435132	0,027015	8,416027	8,423328	8,466040	0,000000	0,000000	0,000000
8,447234	0,025292	8,413392	8,426763	8,436686	8,460900	8,469247	8,476414
8,457905	0,039576	8,429010	8,441692	8,503013	0,000000	0,000000	0,000000
8,428788	0,011932	8,420351	8,437225	0,000000	0,000000	0,000000	0,000000
8,435671	0,029036	8,409671	8,421848	8,434734	8,476431	0,000000	0,000000
NaN	-0,000000	0,000000	0,000000	0,000000	0,000000	0,000000	0,000000
8,415028	NaN	8,415028	0,000000	0,000000	0,000000	0,000000	0,000000
8,418610	0,003594	8,416069	8,421151	0,000000	0,000000	0,000000	0,000000
8,435596	NaN	8,435596	0,000000	0,000000	0,000000	0,000000	0,000000
NaN	-0,000000	0,000000	0,000000	0,000000	0,000000	0,000000	0,000000
8,431152	0,016133	8,419744	8,442560	0,000000	0,000000	0,000000	0,000000
8,433133	NaN	8,433133	0,000000	0,000000	0,000000	0,000000	0,000000
8,446148	0,008305	8,440275	8,452020	0,000000	0,000000	0,000000	0,000000
NaN	-0,000000	0,000000	0,000000	0,000000	0,000000	0,000000	0,000000
NaN	-0,000000	0,000000	0,000000	0,000000	0,000000	0,000000	0,000000
NaN	-0,000000	0,000000	0,000000	0,000000	0,000000	0,000000	0,000000
NaN	-0,000000	0,000000	0,000000	0,000000	0,000000	0,000000	0,000000
NaN	-0,000000	0,000000	0,000000	0,000000	0,000000	0,000000	0,000000
NaN	-0,000000	0,000000	0,000000	0,000000	0,000000	0,000000	0,000000
8,441273	0,030305	8,417807	8,426170	8,435731	8,485383	0,000000	0,000000
NaN	-0,000000	0,000000	0,000000	0,000000	0,000000	0,000000	0,000000
8,423617	NaN	8,423617	0,000000	0,000000	0,000000	0,000000	0,000000
8,468857	0,039587	8,440865	8,496850	0,000000	0,000000	0,000000	0,000000
NaN	-0,000000	0,000000	0,000000	0,000000	0,000000	0,000000	0,000000
8,435723	NaN	8,435723	0,000000	0,000000	0,000000	0,000000	0,000000
8,449643	0,033092	8,426244	8,473042	0,000000	0,000000	0,000000	0,000000
NaN	-0,000000	0,000000	0,000000	0,000000	0,000000	0,000000	0,000000
8,483970	0,054832	8,421742	8,504973	8,525197	0,000000	0,000000	0,000000
NaN	-0,000000	0,000000	0,000000	0,000000	0,000000	0,000000	0,000000
8,433674	0,030158	8,412349	8,454999	0,000000	0,000000	0,000000	0,000000
8,460135	0,070661	8,412363	8,426738	8,541304	0,000000	0,000000	0,000000
NaN	-0,000000	0,000000	0,000000	0,000000	0,000000	0,000000	0,000000
NaN	-0,000000	0,000000	0,000000	0,000000	0,000000	0,000000	0,000000
8,463037	0,068920	8,414303	8,511771	0,000000	0,000000	0,000000	0,000000
8,439997	0,032933	8,411592	8,423511	8,429725	8,439007	8,496151	0,000000
8,442598	0,021123	8,427662	8,457535	0,000000	0,000000	0,000000	0,000000
NaN	-0,000000	0,000000	0,000000	0,000000	0,000000	0,000000	0,000000
NaN	-0,000000	0,000000	0,000000	0,000000	0,000000	0,000000	0,000000
NaN	-0,000000	0,000000	0,000000	0,000000	0,000000	0,000000	0,000000
NaN	-0,000000	0,000000	0,000000	0,000000	0,000000	0,000000	0,000000
NaN	-0,000000	0,000000	0,000000	0,000000	0,000000	0,000000	0,000000
8,442834	0,043307	8,414112	8,421745	8,492647	0,000000	0,000000	0,000000
8,436228	0,019525	8,422421	8,450034	0,000000	0,000000	0,000000	0,000000
8,432205	0,011659	8,421160	8,431060	8,444394	0,000000	0,000000	0,000000
8,444598	0,025498	8,426568	8,462628	0,000000	0,000000	0,000000	0,000000
NaN	-0,000000	0,000000	0,000000	0,000000	0,000000	0,000000	0,000000
8,445795	0,028545	8,427170	8,431557	8,478658	0,000000	0,000000	0,000000
NaN	-0,000000	0,000000	0,000000	0,000000	0,000000	0,000000	0,000000
8,431767	NaN	8,431767	0,000000	0,000000	0,000000	0,000000	0,000000
NaN	-0,000000	0,000000	0,000000	0,000000	0,000000	0,000000	0,000000
8,423389	0,005178	8,419728	8,427050	0,000000	0,000000	0,000000	0,000000
NaN	-0,000000	0,000000	0,000000	0,000000	0,000000	0,000000	0,000000
NaN	-0,000000	0,000000	0,000000	0,000000	0,000000	0,000000	0,000000
NaN	-0,000000	0,000000	0,000000	0,000000	0,000000	0,000000	0,000000
8,447829	0,013510	8,438276	8,457382	0,000000	0,000000	0,000000	0,000000
NaN	-0,000000	0,000000	0,000000	0,000000	0,000000	0,000000	0,000000
8,419027	NaN	8,419027	0,000000	0,000000	0,000000	0,000000	0,000000
8,471829	0,045833	8,439421	8,504238	0,000000	0,000000	0,000000	0,000000
NaN	-0,000000	0,000000	0,000000	0,000000	0,000000	0,000000	0,000000
8,435019	NaN	8,435019	0,000000	0,000000	0,000000	0,000000	0,000000
8,437886	0,009838	8,430930	8,444843	0,000000	0,000000	0,000000	0,000000
NaN	-0,000000	0,000000	0,000000	0,000000	0,000000	0,000000	0,000000
8,430724	0,017474	8,414632	8,420673	8,433444	8,454147	0,000000	0,000000
8,457335	0,022364	8,441522	8,473149	0,000000	0,000000	0,000000	0,000000
NaN	-0,000000	0,000000	0,000000	0,000000	0,000000	0,000000	0,000000
NaN	-0,000000	0,000000	0,000000	0,000000	0,000000	0,000000	0,000000
NaN	-0,000000	0,000000	0,000000	0,000000	0,000000	0,000000	0,000000
NaN	-0,000000	0,000000	0,000000	0,000000	0,000000	0,000000	0,000000
8,426042	0,017758	8,410755	8,421850	8,445522	0,000000	0,000000	0,000000
NaN	-0,000000	0,000000	0,000000	0,000000	0,000000	0,000000	0,000000
8,467500	0,058263	8,423571	8,445335	8,533592	0,000000	0,000000	0,000000
8,442038	0,003414	8,439624	8,444452	0,000000	0,000000	0,000000	0,000000
NaN	-0,000000	0,000000	0,000000	0,000000	0,000000	0,000000	0,000000
8,461003	0,003530	8,458507	8,463499	0,000000	0,000000	0,000000	0,000000
8,454544	0,044873	8,418814	8,439911	8,504907	0,000000	0,000000	0,000000
8,889046	NaN	8,889046	0,000000	0,000000	0,000000	0,000000	0,000000
8,430625	NaN	8,430625	0,000000	0,000000	0,000000	0,000000	0,000000
8,423234	0,009757	8,415451	8,420071	8,434180	0,000000	0,000000	0,000000
NaN	-0,000000	0,000000	0,000000	0,000000	0,000000	0,000000	0,000000
