8,450874	0,025725	8,416732	8,435918	8,456480	8,460779	8,484462	0,000000	0,000000	0,000000	0,000000
8,449025	0,030434	8,424928	8,438921	8,483225	0,000000	0,000000	0,000000	0,000000	0,000000	0,000000
8,440891	0,024201	8,410259	8,424084	8,434351	8,443738	8,453236	8,479679	0,000000	0,000000	0,000000
8,414783	0,007828	8,409248	8,420318	0,000000	0,000000	0,000000	0,000000	0,000000	0,000000	0,000000
8,463655	0,035271	8,417103	8,429927	8,436720	8,476442	8,482670	8,495644	8,507079	0,000000	0,000000
8,430833	0,010688	8,419056	8,433521	8,439920	0,000000	0,000000	0,000000	0,000000	0,000000	0,000000
8,433584	0,014936	8,415496	8,423641	8,433713	8,441335	8,453737	0,000000	0,000000	0,000000	0,000000
8,443383	0,027177	8,407625	8,417713	8,428005	8,443649	8,455265	8,472127	8,479299	0,000000	0,000000
8,447901	0,039305	8,413847	8,421108	8,428339	8,442057	8,461784	8,520269	0,000000	0,000000	0,000000
8,427984	0,021804	8,408222	8,418650	8,426327	8,458738	0,000000	0,000000	0,000000	0,000000	0,000000
NaN	-0,000000	0,000000	0,000000	0,000000	0,000000	0,000000	0,000000	0,000000	0,000000	0,000000
8,425346	NaN	8,425346	0,000000	0,000000	0,000000	0,000000	0,000000	0,000000	0,000000	0,000000
8,412169	NaN	8,412169	0,000000	0,000000	0,000000	0,000000	0,000000	0,000000	0,000000	0,000000
8,460393	0,053730	8,420245	8,426824	8,457223	8,537282	0,000000	0,000000	0,000000	0,000000	0,000000
8,423685	0,013149	8,411498	8,421934	8,437622	0,000000	0,000000	0,000000	0,000000	0,000000	0,000000
8,430440	0,015687	8,419347	8,441532	0,000000	0,000000	0,000000	0,000000	0,000000	0,000000	0,000000
8,427202	0,009861	8,418099	8,425829	8,437678	0,000000	0,000000	0,000000	0,000000	0,000000	0,000000
8,425118	0,009392	8,416794	8,423260	8,435300	0,000000	0,000000	0,000000	0,000000	0,000000	0,000000
8,436873	0,034625	8,409090	8,425865	8,475663	0,000000	0,000000	0,000000	0,000000	0,000000	0,000000
8,427473	0,015520	8,413703	8,418637	8,428791	8,448760	0,000000	0,000000	0,000000	0,000000	0,000000
8,444409	0,022387	8,415039	8,443534	8,449975	8,469091	0,000000	0,000000	0,000000	0,000000	0,000000
8,431354	0,030756	8,408594	8,419124	8,466343	0,000000	0,000000	0,000000	0,000000	0,000000	0,000000
NaN	-0,000000	0,000000	0,000000	0,000000	0,000000	0,000000	0,000000	0,000000	0,000000	0,000000
8,447241	0,031047	8,416120	8,422989	8,437454	8,473488	8,486154	0,000000	0,000000	0,000000	0,000000
8,439300	0,033358	8,411455	8,425800	8,432351	8,487594	0,000000	0,000000	0,000000	0,000000	0,000000
8,431547	0,013773	8,413143	8,421400	8,426860	8,436079	8,440788	8,451012	0,000000	0,000000	0,000000
8,447257	0,043621	8,413522	8,424643	8,435329	8,439629	8,523161	0,000000	0,000000	0,000000	0,000000
8,442866	0,020674	8,416586	8,430143	8,442301	8,456562	8,468736	0,000000	0,000000	0,000000	0,000000
8,439497	0,018909	8,423796	8,429090	8,438820	8,466280	0,000000	0,000000	0,000000	0,000000	0,000000
8,422297	0,011489	8,409251	8,416922	8,427818	8,435198	0,000000	0,000000	0,000000	0,000000	0,000000
8,441138	0,033459	8,411050	8,421433	8,433268	8,442954	8,496987	0,000000	0,000000	0,000000	0,000000
NaN	-0,000000	0,000000	0,000000	0,000000	0,000000	0,000000	0,000000	0,000000	0,000000	0,000000
8,445410	0,044913	8,414526	8,423079	8,428441	8,436541	8,524464	0,000000	0,000000	0,000000	0,000000
8,430862	0,024645	8,410326	8,415719	8,422293	8,433930	8,472040	0,000000	0,000000	0,000000	0,000000
8,434538	NaN	8,434538	0,000000	0,000000	0,000000	0,000000	0,000000	0,000000	0,000000	0,000000
8,433798	0,022705	8,413979	8,428843	8,458571	0,000000	0,000000	0,000000	0,000000	0,000000	0,000000
8,439320	0,026223	8,413500	8,419248	8,425982	8,435898	8,460244	8,481047	0,000000	0,000000	0,000000
8,468440	0,072012	8,419804	8,434348	8,551167	0,000000	0,000000	0,000000	0,000000	0,000000	0,000000
8,431982	0,019180	8,411031	8,419119	8,430843	8,438167	8,460749	0,000000	0,000000	0,000000	0,000000
8,437645	0,032093	8,413609	8,421098	8,431339	8,484534	0,000000	0,000000	0,000000	0,000000	0,000000
8,454035	0,042922	8,413115	8,427367	8,435702	8,442655	8,474171	8,531202	0,000000	0,000000	0,000000
8,457950	0,049672	8,412609	8,419651	8,431250	8,444048	8,510345	8,529799	0,000000	0,000000	0,000000
NaN	-0,000000	0,000000	0,000000	0,000000	0,000000	0,000000	0,000000	0,000000	0,000000	0,000000
8,434264	0,037572	8,407556	8,418010	8,477227	0,000000	0,000000	0,000000	0,000000	0,000000	0,000000
8,437117	0,029412	8,403588	8,410580	8,418878	8,425485	8,432609	8,439960	8,447970	8,452815	8,502168
8,576948	0,240566	8,409438	8,468798	8,852607	0,000000	0,000000	0,000000	0,000000	0,000000	0,000000
NaN	-0,000000	0,000000	0,000000	0,000000	0,000000	0,000000	0,000000	0,000000	0,000000	0,000000
8,427737	0,008592	8,419037	8,427958	8,436217	0,000000	0,000000	0,000000	0,000000	0,000000	0,000000
8,423293	0,013781	8,406881	8,412913	8,424086	8,431609	8,440977	0,000000	0,000000	0,000000	0,000000
8,425882	0,010375	8,418546	8,433218	0,000000	0,000000	0,000000	0,000000	0,000000	0,000000	0,000000
NaN	-0,000000	0,000000	0,000000	0,000000	0,000000	0,000000	0,000000	0,000000	0,000000	0,000000
8,426025	0,010569	8,415213	8,426527	8,436334	0,000000	0,000000	0,000000	0,000000	0,000000	0,000000
8,431762	0,015898	8,419982	8,425458	8,449845	0,000000	0,000000	0,000000	0,000000	0,000000	0,000000
8,407204	NaN	8,407204	0,000000	0,000000	0,000000	0,000000	0,000000	0,000000	0,000000	0,000000
8,437384	0,032039	8,403885	8,414522	8,423196	8,437327	8,452762	8,492610	0,000000	0,000000	0,000000
8,412440	NaN	8,412440	0,000000	0,000000	0,000000	0,000000	0,000000	0,000000	0,000000	0,000000
8,431552	0,020759	8,412417	8,418725	8,425201	8,436236	8,465178	0,000000	0,000000	0,000000	0,000000
8,431227	NaN	8,431227	0,000000	0,000000	0,000000	0,000000	0,000000	0,000000	0,000000	0,000000
8,428996	0,015197	8,410390	8,417260	8,424148	8,432108	8,437188	8,452882	0,000000	0,000000	0,000000
8,447434	0,030549	8,403815	8,416368	8,442607	8,451021	8,457783	8,465420	8,495024	0,000000	0,000000
8,425307	0,019788	8,411315	8,439299	0,000000	0,000000	0,000000	0,000000	0,000000	0,000000	0,000000
8,445300	0,027048	8,418377	8,426521	8,438450	8,457065	8,486087	0,000000	0,000000	0,000000	0,000000
8,429974	0,019481	8,416199	8,443748	0,000000	0,000000	0,000000	0,000000	0,000000	0,000000	0,000000
8,441806	0,037552	8,417217	8,422503	8,429916	8,497589	0,000000	0,000000	0,000000	0,000000	0,000000
8,441667	0,035609	8,411652	8,432338	8,481012	0,000000	0,000000	0,000000	0,000000	0,000000	0,000000
8,456795	0,034293	8,418862	8,441679	8,468259	8,498378	0,000000	0,000000	0,000000	0,000000	0,000000
8,459279	0,059086	8,414100	8,437594	8,526143	0,000000	0,000000	0,000000	0,000000	0,000000	0,000000
8,414764	0,005341	8,410988	8,418541	0,000000	0,000000	0,000000	0,000000	0,000000	0,000000	0,000000
8,453199	0,030220	8,422814	8,436357	8,442638	8,463859	8,500326	0,000000	0,000000	0,000000	0,000000
8,443848	0,025692	8,418453	8,427843	8,434721	8,439726	8,451104	8,491244	0,000000	0,000000	0,000000
NaN	-0,000000	0,000000	0,000000	0,000000	0,000000	0,000000	0,000000	0,000000	0,000000	0,000000
8,427931	0,009988	8,416249	8,424299	8,431567	8,439609	0,000000	0,000000	0,000000	0,000000	0,000000
NaN	-0,000000	0,000000	0,000000	0,000000	0,000000	0,000000	0,000000	0,000000	0,000000	0,000000
8,478448	0,048640	8,415814	8,441203	8,488717	8,519215	8,527292	0,000000	0,000000	0,000000	0,000000
8,431830	0,014608	8,421501	8,442159	0,000000	0,000000	0,000000	0,000000	0,000000	0,000000	0,000000
8,443003	0,032879	8,419755	8,466252	0,000000	0,000000	0,000000	0,000000	0,000000	0,000000	0,000000
8,439535	0,040068	8,413435	8,417147	8,425111	8,431926	8,510057	0,000000	0,000000	0,000000	0,000000
8,427924	0,007395	8,422695	8,433153	0,000000	0,000000	0,000000	0,000000	0,000000	0,000000	0,000000
8,440422	0,021095	8,418162	8,431882	8,443733	8,467910	0,000000	0,000000	0,000000	0,000000	0,000000
8,434742	0,094952	8,297530	8,415310	8,430895	8,470455	8,559516	0,000000	0,000000	0,000000	0,000000
8,435890	0,023075	8,416002	8,422508	8,437208	8,467842	0,000000	0,000000	0,000000	0,000000	0,000000
8,435394	0,012429	8,418606	8,434785	8,440225	8,447961	0,000000	0,000000	0,000000	0,000000	0,000000
8,433558	0,032606	8,404851	8,417738	8,423260	8,432957	8,488982	0,000000	0,000000	0,000000	0,000000
8,415858	NaN	8,415858	0,000000	0,000000	0,000000	0,000000	0,000000	0,000000	0,000000	0,000000
8,433590	0,024186	8,412907	8,420022	8,425632	8,435025	8,474365	0,000000	0,000000	0,000000	0,000000
8,417918	NaN	8,417918	0,000000	0,000000	0,000000	0,000000	0,000000	0,000000	0,000000	0,000000
8,418653	NaN	8,418653	0,000000	0,000000	0,000000	0,000000	0,000000	0,000000	0,000000	0,000000
8,440192	NaN	8,440192	0,000000	0,000000	0,000000	0,000000	0,000000	0,000000	0,000000	0,000000
NaN	-0,000000	0,000000	0,000000	0,000000	0,000000	0,000000	0,000000	0,000000	0,000000	0,000000
8,442765	0,025983	8,404543	8,434425	8,441514	8,463110	8,470233	0,000000	0,000000	0,000000	0,000000
8,419723	0,009158	8,411337	8,418337	8,429495	0,000000	0,000000	0,000000	0,000000	0,000000	0,000000
8,460996	0,043019	8,410464	8,442487	8,483844	8,507190	0,000000	0,000000	0,000000	0,000000	0,000000
8,451868	0,033125	8,418302	8,442555	8,449234	8,497381	0,000000	0,000000	0,000000	0,000000	0,000000
8,466044	0,037026	8,419298	8,438369	8,470493	8,495333	8,506726	0,000000	0,000000	0,000000	0,000000
8,453768	0,028466	8,422201	8,439367	8,467520	8,485984	0,000000	0,000000	0,000000	0,000000	0,000000
8,498166	0,105493	8,403617	8,425493	8,439335	8,475962	8,502348	8,523263	8,717142	0,000000	0,000000
8,428348	0,011675	8,420093	8,436604	0,000000	0,000000	0,000000	0,000000	0,000000	0,000000	0,000000
8,518694	0,232479	8,333784	8,423909	8,458731	8,858353	0,000000	0,000000	0,000000	0,000000	0,000000
8,440918	NaN	8,440918	0,000000	0,000000	0,000000	0,000000	0,000000	0,000000	0,000000	0,000000
8,419260	NaN	8,419260	0,000000	0,000000	0,000000	0,000000	0,000000	0,000000	0,000000	0,000000
