NaN	-0,000000	0,000000	0,000000	0,000000	0,000000	0,000000	0,000000	0,000000
8,435515	0,010190	8,428310	8,442720	0,000000	0,000000	0,000000	0,000000	0,000000
8,431270	0,015294	8,420456	8,442085	0,000000	0,000000	0,000000	0,000000	0,000000
8,438347	NaN	8,438347	0,000000	0,000000	0,000000	0,000000	0,000000	0,000000
8,413907	NaN	8,413907	0,000000	0,000000	0,000000	0,000000	0,000000	0,000000
8,428956	0,010105	8,421811	8,436102	0,000000	0,000000	0,000000	0,000000	0,000000
8,493303	0,084850	8,422271	8,429407	8,443489	8,488059	8,532113	8,644478	0,000000
8,446969	0,027966	8,415980	8,454598	8,470330	0,000000	0,000000	0,000000	0,000000
8,434527	NaN	8,434527	0,000000	0,000000	0,000000	0,000000	0,000000	0,000000
NaN	-0,000000	0,000000	0,000000	0,000000	0,000000	0,000000	0,000000	0,000000
NaN	-0,000000	0,000000	0,000000	0,000000	0,000000	0,000000	0,000000	0,000000
NaN	-0,000000	0,000000	0,000000	0,000000	0,000000	0,000000	0,000000	0,000000
8,456895	0,047414	8,414789	8,422915	8,437530	8,480808	8,528436	0,000000	0,000000
8,480514	0,106818	8,414739	8,423040	8,603763	0,000000	0,000000	0,000000	0,000000
NaN	-0,000000	0,000000	0,000000	0,000000	0,000000	0,000000	0,000000	0,000000
8,408231	0,009976	8,401176	8,415285	0,000000	0,000000	0,000000	0,000000	0,000000
8,438987	0,021517	8,414625	8,423144	8,436311	8,454071	8,466786	0,000000	0,000000
NaN	-0,000000	0,000000	0,000000	0,000000	0,000000	0,000000	0,000000	0,000000
8,461664	0,033760	8,437792	8,485536	0,000000	0,000000	0,000000	0,000000	0,000000
8,431078	0,021271	8,416038	8,446119	0,000000	0,000000	0,000000	0,000000	0,000000
8,438058	0,005072	8,434472	8,441645	0,000000	0,000000	0,000000	0,000000	0,000000
8,400869	NaN	8,400869	0,000000	0,000000	0,000000	0,000000	0,000000	0,000000
NaN	-0,000000	0,000000	0,000000	0,000000	0,000000	0,000000	0,000000	0,000000
NaN	-0,000000	0,000000	0,000000	0,000000	0,000000	0,000000	0,000000	0,000000
8,441477	NaN	8,441477	0,000000	0,000000	0,000000	0,000000	0,000000	0,000000
8,413646	NaN	8,413646	0,000000	0,000000	0,000000	0,000000	0,000000	0,000000
NaN	-0,000000	0,000000	0,000000	0,000000	0,000000	0,000000	0,000000	0,000000
8,437385	0,026336	8,418763	8,456007	0,000000	0,000000	0,000000	0,000000	0,000000
8,433581	0,005859	8,429438	8,437724	0,000000	0,000000	0,000000	0,000000	0,000000
NaN	-0,000000	0,000000	0,000000	0,000000	0,000000	0,000000	0,000000	0,000000
8,414943	NaN	8,414943	0,000000	0,000000	0,000000	0,000000	0,000000	0,000000
8,459774	0,030730	8,438045	8,481503	0,000000	0,000000	0,000000	0,000000	0,000000
8,438400	0,021002	8,416874	8,439490	8,458836	0,000000	0,000000	0,000000	0,000000
NaN	-0,000000	0,000000	0,000000	0,000000	0,000000	0,000000	0,000000	0,000000
8,442504	0,034470	8,408004	8,414890	8,420416	8,427724	8,451615	8,474237	8,500641
8,441593	NaN	8,441593	0,000000	0,000000	0,000000	0,000000	0,000000	0,000000
NaN	-0,000000	0,000000	0,000000	0,000000	0,000000	0,000000	0,000000	0,000000
8,440019	0,027922	8,420275	8,459762	0,000000	0,000000	0,000000	0,000000	0,000000
NaN	-0,000000	0,000000	0,000000	0,000000	0,000000	0,000000	0,000000	0,000000
NaN	-0,000000	0,000000	0,000000	0,000000	0,000000	0,000000	0,000000	0,000000
8,442184	0,009102	8,435748	8,448621	0,000000	0,000000	0,000000	0,000000	0,000000
8,427104	0,008996	8,420743	8,433465	0,000000	0,000000	0,000000	0,000000	0,000000
8,451311	0,036287	8,417389	8,426925	8,444946	8,457284	8,510009	0,000000	0,000000
8,448926	0,061583	8,410162	8,417442	8,427410	8,540690	0,000000	0,000000	0,000000
NaN	-0,000000	0,000000	0,000000	0,000000	0,000000	0,000000	0,000000	0,000000
NaN	-0,000000	0,000000	0,000000	0,000000	0,000000	0,000000	0,000000	0,000000
8,436487	0,019642	8,412136	8,423446	8,428997	8,438657	8,448020	8,467667	0,000000
NaN	-0,000000	0,000000	0,000000	0,000000	0,000000	0,000000	0,000000	0,000000
8,424388	0,026205	8,405833	8,412965	8,454365	0,000000	0,000000	0,000000	0,000000
8,467150	0,031292	8,445023	8,489277	0,000000	0,000000	0,000000	0,000000	0,000000
NaN	-0,000000	0,000000	0,000000	0,000000	0,000000	0,000000	0,000000	0,000000
8,431169	0,014767	8,415637	8,432841	8,445029	0,000000	0,000000	0,000000	0,000000
8,442327	0,053502	8,410275	8,415643	8,421082	8,522306	0,000000	0,000000	0,000000
NaN	-0,000000	0,000000	0,000000	0,000000	0,000000	0,000000	0,000000	0,000000
8,399912	NaN	8,399912	0,000000	0,000000	0,000000	0,000000	0,000000	0,000000
NaN	-0,000000	0,000000	0,000000	0,000000	0,000000	0,000000	0,000000	0,000000
8,451051	0,034430	8,416151	8,428310	8,435143	8,482873	8,492776	0,000000	0,000000
NaN	-0,000000	0,000000	0,000000	0,000000	0,000000	0,000000	0,000000	0,000000
8,452188	0,043720	8,414712	8,441633	8,500220	0,000000	0,000000	0,000000	0,000000
8,432259	0,009122	8,425809	8,438710	0,000000	0,000000	0,000000	0,000000	0,000000
8,410353	0,004061	8,407482	8,413224	0,000000	0,000000	0,000000	0,000000	0,000000
8,470224	0,043521	8,415074	8,452331	8,462772	8,489028	8,531913	0,000000	0,000000
NaN	-0,000000	0,000000	0,000000	0,000000	0,000000	0,000000	0,000000	0,000000
8,436912	0,004628	8,433640	8,440185	0,000000	0,000000	0,000000	0,000000	0,000000
NaN	-0,000000	0,000000	0,000000	0,000000	0,000000	0,000000	0,000000	0,000000
8,434082	NaN	8,434082	0,000000	0,000000	0,000000	0,000000	0,000000	0,000000
8,429071	NaN	8,429071	0,000000	0,000000	0,000000	0,000000	0,000000	0,000000
8,423821	NaN	8,423821	0,000000	0,000000	0,000000	0,000000	0,000000	0,000000
8,413095	NaN	8,413095	0,000000	0,000000	0,000000	0,000000	0,000000	0,000000
8,442556	0,029626	8,421608	8,463505	0,000000	0,000000	0,000000	0,000000	0,000000
8,452266	0,051164	8,411488	8,435633	8,509676	0,000000	0,000000	0,000000	0,000000
8,432026	0,009351	8,425414	8,438638	0,000000	0,000000	0,000000	0,000000	0,000000
8,424868	NaN	8,424868	0,000000	0,000000	0,000000	0,000000	0,000000	0,000000
8,411350	NaN	8,411350	0,000000	0,000000	0,000000	0,000000	0,000000	0,000000
8,417747	0,013513	8,401819	8,413829	8,421273	8,434067	0,000000	0,000000	0,000000
8,458517	0,057252	8,414991	8,424952	8,453239	8,540884	0,000000	0,000000	0,000000
NaN	-0,000000	0,000000	0,000000	0,000000	0,000000	0,000000	0,000000	0,000000
8,424372	NaN	8,424372	0,000000	0,000000	0,000000	0,000000	0,000000	0,000000
NaN	-0,000000	0,000000	0,000000	0,000000	0,000000	0,000000	0,000000	0,000000
8,439245	0,023745	8,422039	8,429361	8,466335	0,000000	0,000000	0,000000	0,000000
8,446810	0,040561	8,407293	8,417386	8,473166	8,489395	0,000000	0,000000	0,000000
8,436597	0,021823	8,411623	8,419967	8,428147	8,439881	8,447633	8,472331	0,000000
8,418039	NaN	8,418039	0,000000	0,000000	0,000000	0,000000	0,000000	0,000000
8,441448	0,032384	8,412587	8,435288	8,476470	0,000000	0,000000	0,000000	0,000000
8,427075	0,020160	8,412819	8,441330	0,000000	0,000000	0,000000	0,000000	0,000000
NaN	-0,000000	0,000000	0,000000	0,000000	0,000000	0,000000	0,000000	0,000000
8,433344	0,014415	8,417063	8,438486	8,444483	0,000000	0,000000	0,000000	0,000000
8,416928	0,007725	8,411466	8,422391	0,000000	0,000000	0,000000	0,000000	0,000000
8,472416	0,053123	8,416129	8,450464	8,481910	8,541161	0,000000	0,000000	0,000000
8,449922	0,059050	8,409773	8,417629	8,426606	8,442283	8,553319	0,000000	0,000000
8,445300	0,035990	8,406694	8,420780	8,428492	8,445594	8,463543	8,506696	0,000000
NaN	-0,000000	0,000000	0,000000	0,000000	0,000000	0,000000	0,000000	0,000000
8,439137	0,039009	8,412306	8,420138	8,427167	8,496937	0,000000	0,000000	0,000000
8,439487	0,020763	8,424805	8,454168	0,000000	0,000000	0,000000	0,000000	0,000000
8,421743	NaN	8,421743	0,000000	0,000000	0,000000	0,000000	0,000000	0,000000
8,431784	NaN	8,431784	0,000000	0,000000	0,000000	0,000000	0,000000	0,000000
8,413491	NaN	8,413491	0,000000	0,000000	0,000000	0,000000	0,000000	0,000000
8,431309	0,020928	8,408076	8,420380	8,428278	8,435906	8,463904	0,000000	0,000000
NaN	-0,000000	0,000000	0,000000	0,000000	0,000000	0,000000	0,000000	0,000000
NaN	-0,000000	0,000000	0,000000	0,000000	0,000000	0,000000	0,000000	0,000000
