1,590330E+0	1,590330E+0	3,000000E+0
2,414116E-2	2,414116E-2	1,000000E+0
-7,536944E-2	-7,536944E-2	2,000000E+0
2,188731E-1	2,188731E-1	1,000000E+0
-1,716682E+0	-1,716682E+0	0,000000E+0
-7,524582E-1	-7,524582E-1	0,000000E+0
9,288053E-1	9,288053E-1	3,000000E+0
2,563745E+0	2,563745E+0	3,000000E+0
3,335799E-1	3,335799E-1	1,000000E+0
3,070489E+0	3,070489E+0	3,000000E+0
-2,413256E+0	-2,413256E+0	0,000000E+0
-1,417047E+0	-1,417047E+0	0,000000E+0
-1,464841E+0	-1,464841E+0	0,000000E+0
-2,686910E+0	-2,686910E+0	0,000000E+0
-1,887282E-1	-1,887282E-1	2,000000E+0
-6,235356E-1	-6,235356E-1	0,000000E+0
-1,141309E+0	-1,141309E+0	0,000000E+0
-1,567171E+0	-1,567171E+0	0,000000E+0
-1,328076E+0	-1,328076E+0	1,000000E+0
-1,675627E+0	-1,675627E+0	0,000000E+0
-1,656632E+0	-1,656632E+0	0,000000E+0
-1,306629E+0	-1,306629E+0	0,000000E+0
9,778253E-1	9,778253E-1	3,000000E+0
2,160555E+0	2,160555E+0	4,000000E+0
-7,987821E-1	-7,987821E-1	1,000000E+0
-1,399767E+0	-1,399767E+0	0,000000E+0
-6,745164E-1	-6,745164E-1	0,000000E+0
-2,301735E+0	-2,301735E+0	0,000000E+0
-2,434457E+0	-2,434457E+0	0,000000E+0
-7,145903E-1	-7,145903E-1	0,000000E+0
-2,001488E+0	-2,001488E+0	0,000000E+0
1,525736E-1	1,525736E-1	0,000000E+0
-8,186352E-1	-8,186352E-1	1,000000E+0
1,381127E-1	1,381127E-1	1,000000E+0
-1,722932E+0	-1,722932E+0	0,000000E+0
-1,339350E+0	-1,339350E+0	0,000000E+0
2,057603E-1	2,057603E-1	1,000000E+0
6,976760E-1	6,976760E-1	2,000000E+0
-2,187641E+0	-2,187641E+0	0,000000E+0
-8,106695E-1	-8,106695E-1	1,000000E+0
-8,188803E-1	-8,188803E-1	1,000000E+0
-6,063786E-1	-6,063786E-1	0,000000E+0
1,523173E+0	1,523173E+0	4,000000E+0
1,325867E+0	1,325867E+0	4,000000E+0
-5,215740E-1	-5,215740E-1	1,000000E+0
-7,894683E-1	-7,894683E-1	1,000000E+0
4,942430E-1	4,942430E-1	2,000000E+0
8,533145E-1	8,533145E-1	1,000000E+0
-1,692294E+0	-1,692294E+0	0,000000E+0
-1,016186E+0	-1,016186E+0	0,000000E+0
-9,093222E-1	-9,093222E-1	1,000000E+0
-1,642182E-1	-1,642182E-1	1,000000E+0
-3,072942E+0	-3,072942E+0	0,000000E+0
-4,218183E-1	-4,218183E-1	0,000000E+0
-1,037510E+0	-1,037510E+0	0,000000E+0
-1,905899E+0	-1,905899E+0	0,000000E+0
-1,959698E+0	-1,959698E+0	0,000000E+0
-2,663135E+0	-2,663135E+0	0,000000E+0
-2,418771E+0	-2,418771E+0	0,000000E+0
-9,116507E-1	-9,116507E-1	0,000000E+0
-9,367734E-1	-9,367734E-1	1,000000E+0
-9,778277E-1	-9,778277E-1	0,000000E+0
2,422802E-1	2,422802E-1	3,000000E+0
-1,569377E+0	-1,569377E+0	0,000000E+0
1,623776E-1	1,623776E-1	1,000000E+0
-1,079789E+0	-1,079789E+0	2,000000E+0
-2,900770E-1	-2,900770E-1	1,000000E+0
1,984451E+0	1,984451E+0	1,000000E+0
7,422842E-1	7,422842E-1	2,000000E+0
1,403564E+0	1,403564E+0	2,000000E+0
1,612746E-1	1,612746E-1	1,000000E+0
-2,844397E-1	-2,844397E-1	0,000000E+0
-1,378321E+0	-1,378321E+0	0,000000E+0
-2,136293E+0	-2,136293E+0	0,000000E+0
-8,672876E-1	-8,672876E-1	0,000000E+0
-1,340208E+0	-1,340208E+0	0,000000E+0
-2,066072E+0	-2,066072E+0	0,000000E+0
-9,844454E-1	-9,844454E-1	1,000000E+0
-2,168891E+0	-2,168891E+0	0,000000E+0
-1,193638E+0	-1,193638E+0	0,000000E+0
-1,483469E+0	-1,483469E+0	1,000000E+0
-1,983105E+0	-1,983105E+0	1,000000E+0
1,374642E+0	1,374642E+0	2,000000E+0
1,315083E+0	1,315083E+0	2,000000E+0
-2,024772E+0	-2,024772E+0	0,000000E+0
-1,359939E+0	-1,359939E+0	0,000000E+0
-2,497581E-1	-2,497581E-1	0,000000E+0
-1,328566E+0	-1,328566E+0	0,000000E+0
-7,970664E-1	-7,970664E-1	0,000000E+0
-1,080770E+0	-1,080770E+0	0,000000E+0
-3,857886E-1	-3,857886E-1	0,000000E+0
2,682741E+0	2,682741E+0	4,000000E+0
-1,484449E+0	-1,484449E+0	0,000000E+0
2,446086E-1	2,446086E-1	1,000000E+0
-2,485326E-1	-2,485326E-1	1,000000E+0
-1,050377E+0	-1,050377E+0	0,000000E+0
-1,652465E+0	-1,652465E+0	0,000000E+0
-1,122314E+0	-1,122314E+0	0,000000E+0
-2,532987E+0	-2,532987E+0	0,000000E+0
-1,202952E+0	-1,202952E+0	0,000000E+0
1,338980E+0	1,338980E+0	3,000000E+0
-6,229229E-1	-6,229229E-1	1,000000E+0
-2,517914E+0	-2,517914E+0	0,000000E+0
-4,183869E-1	-4,183869E-1	3,000000E+0
-6,371387E-1	-6,371387E-1	2,000000E+0
1,553922E-1	1,553922E-1	1,000000E+0
1,273283E-1	1,273283E-1	4,000000E+0
4,521976E-2	4,521976E-2	1,000000E+0
-9,600579E-1	-9,600579E-1	1,000000E+0
-1,708226E+0	-1,708226E+0	1,000000E+0
9,334622E-1	9,334622E-1	2,000000E+0
-8,131205E-1	-8,131205E-1	2,000000E+0
9,174081E-1	9,174081E-1	1,000000E+0
-4,960836E-1	-4,960836E-1	0,000000E+0
-1,271090E+0	-1,271090E+0	0,000000E+0
-8,834642E-1	-8,834642E-1	0,000000E+0
-1,719010E+0	-1,719010E+0	0,000000E+0
-2,418525E+0	-2,418525E+0	0,000000E+0
-2,277593E+0	-2,277593E+0	0,000000E+0
-2,608846E+0	-2,608846E+0	0,000000E+0
6,959603E-1	6,959603E-1	2,000000E+0
-1,318639E+0	-1,318639E+0	0,000000E+0
-3,861562E-1	-3,861562E-1	1,000000E+0
-7,080951E-1	-7,080951E-1	0,000000E+0
-6,953499E-1	-6,953499E-1	1,000000E+0
-1,021455E+0	-1,021455E+0	0,000000E+0
5,194883E-1	5,194883E-1	3,000000E+0
-1,740947E+0	-1,740947E+0	0,000000E+0
2,211659E+0	2,211659E+0	4,000000E+0
-1,618274E+0	-1,618274E+0	0,000000E+0
-1,230414E-1	-1,230414E-1	0,000000E+0
3,669135E-1	3,669135E-1	2,000000E+0
-2,033473E+0	-2,033473E+0	0,000000E+0
-4,213281E-1	-4,213281E-1	1,000000E+0
-1,302830E+0	-1,302830E+0	0,000000E+0
-1,417537E+0	-1,417537E+0	0,000000E+0
-9,993965E-1	-9,993965E-1	0,000000E+0
9,079718E-1	9,079718E-1	1,000000E+0
-1,140329E+0	-1,140329E+0	0,000000E+0
-5,674077E-1	-5,674077E-1	2,000000E+0
-1,109569E+0	-1,109569E+0	0,000000E+0
-1,184447E+0	-1,184447E+0	1,000000E+0
1,424397E+0	1,424397E+0	2,000000E+0
-1,390699E+0	-1,390699E+0	3,000000E+0
-1,719010E+0	-1,719010E+0	0,000000E+0
-1,102216E+0	-1,102216E+0	1,000000E+0
-1,289717E+0	-1,289717E+0	1,000000E+0
-1,682123E+0	-1,682123E+0	0,000000E+0
-1,022804E+0	-1,022804E+0	0,000000E+0
-1,355159E+0	-1,355159E+0	0,000000E+0
-1,540210E+0	-1,540210E+0	0,000000E+0
-2,197323E+0	-2,197323E+0	0,000000E+0
-8,692484E-1	-8,692484E-1	1,000000E+0
-1,241800E+0	-1,241800E+0	0,000000E+0
-1,246212E+0	-1,246212E+0	0,000000E+0
7,843081E-2	7,843081E-2	3,000000E+0
-7,147128E-1	-7,147128E-1	0,000000E+0
-1,314473E+0	-1,314473E+0	0,000000E+0
-1,620725E+0	-1,620725E+0	0,000000E+0
-1,043514E+0	-1,043514E+0	1,000000E+0
1,228195E+0	1,228195E+0	2,000000E+0
1,761165E+0	1,761165E+0	2,000000E+0
1,528810E+0	1,528810E+0	4,000000E+0
-6,725556E-1	-6,725556E-1	2,000000E+0
9,909381E-1	9,909381E-1	2,000000E+0
-2,127224E+0	-2,127224E+0	0,000000E+0
-2,163744E+0	-2,163744E+0	0,000000E+0
-8,933907E-1	-8,933907E-1	1,000000E+0
-1,978326E+0	-1,978326E+0	0,000000E+0
1,704547E+0	1,704547E+0	2,000000E+0
-1,176114E+0	-1,176114E+0	0,000000E+0
-1,587882E+0	-1,587882E+0	1,000000E+0
-1,997076E+0	-1,997076E+0	0,000000E+0
7,692452E-1	7,692452E-1	1,000000E+0
-1,745236E+0	-1,745236E+0	0,000000E+0
-2,487276E+0	-2,487276E+0	0,000000E+0
-2,104185E+0	-2,104185E+0	0,000000E+0
-1,466067E+0	-1,466067E+0	2,000000E+0
-1,025255E+0	-1,025255E+0	0,000000E+0
-1,786045E+0	-1,786045E+0	0,000000E+0
1,484069E-1	1,484069E-1	2,000000E+0
-5,330937E-1	-5,330937E-1	1,000000E+0
1,842661E+0	1,842661E+0	2,000000E+0
3,308731E-2	3,308731E-2	3,000000E+0
5,515964E-1	5,515964E-1	3,000000E+0
-1,552587E+0	-1,552587E+0	0,000000E+0
-1,342291E+0	-1,342291E+0	0,000000E+0
-1,021946E+0	-1,021946E+0	0,000000E+0
2,091315E+0	2,091315E+0	4,000000E+0
-1,457121E+0	-1,457121E+0	0,000000E+0
-1,674524E+0	-1,674524E+0	0,000000E+0
-1,022681E+0	-1,022681E+0	0,000000E+0
-1,077583E+0	-1,077583E+0	0,000000E+0
-2,446957E+0	-2,446957E+0	0,000000E+0
-8,424099E-1	-8,424099E-1	0,000000E+0
-2,054552E+0	-2,054552E+0	0,000000E+0
-1,504915E+0	-1,504915E+0	0,000000E+0
-1,765211E+0	-1,765211E+0	0,000000E+0
-1,643519E+0	-1,643519E+0	0,000000E+0
-1,871830E+0	-1,871830E+0	0,000000E+0
