4,667284E+0	4,667284E+0	7,000000E+0
8,697314E+0	8,697314E+0	8,000000E+0
3,085787E+0	3,085787E+0	2,000000E+0
5,875619E+0	5,875619E+0	6,000000E+0
2,858458E+0	2,858458E+0	6,000000E+0
3,958950E+0	3,958950E+0	6,000000E+0
4,209563E+0	4,209563E+0	5,000000E+0
2,796571E+0	2,796571E+0	2,000000E+0
1,403186E+0	1,403186E+0	3,000000E+0
3,805150E+0	3,805150E+0	3,000000E+0
6,799027E+0	6,799027E+0	1,000000E+1
1,351103E+0	1,351103E+0	3,000000E+0
5,901354E+0	5,901354E+0	5,000000E+0
2,128065E+0	2,128065E+0	5,000000E+0
6,115183E-1	6,115183E-1	2,000000E+0
-1,360318E-1	-1,360318E-1	1,000000E+0
-7,046601E-1	-7,046601E-1	2,000000E+0
-1,766549E+0	-1,766549E+0	0,000000E+0
1,102328E+0	1,102328E+0	3,000000E+0
-2,328457E-1	-2,328457E-1	0,000000E+0
1,297244E+1	1,297244E+1	1,000000E+1
9,159938E+0	9,159938E+0	8,000000E+0
7,914838E+0	7,914838E+0	8,000000E+0
1,369855E+1	1,369855E+1	1,100000E+1
4,352333E+0	4,352333E+0	6,000000E+0
3,661155E+0	3,661155E+0	5,000000E+0
6,785547E+0	6,785547E+0	5,000000E+0
3,759807E+0	3,759807E+0	7,000000E+0
1,985275E-1	1,985275E-1	4,000000E+0
5,642163E+0	5,642163E+0	5,000000E+0
6,247556E+0	6,247556E+0	6,000000E+0
1,632353E+0	1,632353E+0	5,000000E+0
4,822289E-1	4,822289E-1	1,000000E+0
-4,969392E-1	-4,969392E-1	2,000000E+0
3,333316E-1	3,333316E-1	2,000000E+0
-4,276989E-1	-4,276989E-1	0,000000E+0
1,295343E+0	1,295343E+0	3,000000E+0
1,599245E-1	1,599245E-1	1,000000E+0
-1,912995E+0	-1,912995E+0	1,000000E+0
6,127240E-2	6,127240E-2	1,000000E+0
9,200379E+0	9,200379E+0	1,200000E+1
8,838859E+0	8,838859E+0	9,000000E+0
1,088175E+1	1,088175E+1	1,300000E+1
9,949154E+0	9,949154E+0	8,000000E+0
6,487140E+0	6,487140E+0	1,000000E+1
5,575986E+0	5,575986E+0	6,000000E+0
5,921575E+0	5,921575E+0	5,000000E+0
4,444857E+0	4,444857E+0	7,000000E+0
4,629907E+0	4,629907E+0	8,000000E+0
2,039216E+0	2,039216E+0	4,000000E+0
-5,104196E-1	-5,104196E-1	3,000000E+0
-6,090717E-1	-6,090717E-1	2,000000E+0
4,773289E+0	4,773289E+0	4,000000E+0
-1,408092E+0	-1,408092E+0	1,000000E+0
-2,818851E-2	-2,818851E-2	1,000000E+0
8,204647E-1	8,204647E-1	2,000000E+0
-1,195470E+0	-1,195470E+0	1,000000E+0
-3,210811E-1	-3,210811E-1	1,000000E+0
-7,861553E-1	-7,861553E-1	2,000000E+0
9,976115E+0	9,976115E+0	1,000000E+1
7,493269E+0	7,493269E+0	6,000000E+0
9,973664E+0	9,973664E+0	9,000000E+0
5,493878E+0	5,493878E+0	9,000000E+0
4,717529E+0	4,717529E+0	6,000000E+0
2,960174E+0	2,960174E+0	6,000000E+0
2,739585E+0	2,739585E+0	5,000000E+0
3,421571E+0	3,421571E+0	3,000000E+0
5,045348E+0	5,045348E+0	2,000000E+0
-3,701008E-1	-3,701008E-1	3,000000E+0
6,906258E+0	6,906258E+0	8,000000E+0
1,824143E+0	1,824143E+0	5,000000E+0
1,479167E+0	1,479167E+0	1,000000E+0
1,128063E+0	1,128063E+0	2,000000E+0
-1,920348E+0	-1,920348E+0	1,000000E+0
2,807600E+0	2,807600E+0	4,000000E+0
-3,590713E-1	-3,590713E-1	1,000000E+0
-2,904438E-1	-2,904438E-1	0,000000E+0
-9,987782E-1	-9,987782E-1	1,000000E+0
-3,474292E-1	-3,474292E-1	2,000000E+0
-1,354171E+0	-1,354171E+0	2,000000E+0
8,697314E+0	8,697314E+0	1,000000E+1
8,548417E+0	8,548417E+0	9,000000E+0
6,185669E+0	6,185669E+0	7,000000E+0
5,825987E+0	5,825987E+0	5,000000E+0
5,749393E+0	5,749393E+0	7,000000E+0
4,355396E+0	4,355396E+0	6,000000E+0
1,075185E+1	1,075185E+1	1,300000E+1
5,796555E-1	5,796555E-1	3,000000E+0
-1,587627E+0	-1,587627E+0	0,000000E+0
-9,797830E-1	-9,797830E-1	2,000000E+0
-7,739004E-1	-7,739004E-1	1,000000E+0
3,238973E+0	3,238973E+0	4,000000E+0
1,123161E+0	1,123161E+0	2,000000E+0
2,427085E+0	2,427085E+0	4,000000E+0
-6,378708E-1	-6,378708E-1	1,000000E+0
3,305762E+0	3,305762E+0	3,000000E+0
1,930128E-1	1,930128E-1	4,000000E+0
1,712623E+0	1,712623E+0	4,000000E+0
-9,981654E-1	-9,981654E-1	0,000000E+0
-1,974270E+0	-1,974270E+0	0,000000E+0
1,290872E+1	1,290872E+1	9,000000E+0
7,869495E+0	7,869495E+0	6,000000E+0
6,209566E+0	6,209566E+0	6,000000E+0
5,992041E+0	5,992041E+0	4,000000E+0
4,003680E+0	4,003680E+0	7,000000E+0
6,822924E+0	6,822924E+0	6,000000E+0
1,811888E+0	1,811888E+0	3,000000E+0
3,037992E+0	3,037992E+0	4,000000E+0
3,683827E+0	3,683827E+0	6,000000E+0
-4,718364E-2	-4,718364E-2	1,000000E+0
5,077211E+0	5,077211E+0	5,000000E+0
1,183210E+0	1,183210E+0	5,000000E+0
2,787972E-1	2,787972E-1	1,000000E+0
-4,319881E-1	-4,319881E-1	1,000000E+0
1,118872E+0	1,118872E+0	4,000000E+0
1,718750E+0	1,718750E+0	4,000000E+0
1,997530E-1	1,997530E-1	3,000000E+0
-9,969399E-1	-9,969399E-1	1,000000E+0
3,716302E+0	3,716302E+0	5,000000E+0
-1,188117E+0	-1,188117E+0	1,000000E+0
1,023960E+1	1,023960E+1	7,000000E+0
1,072305E+1	1,072305E+1	1,100000E+1
7,746333E+0	7,746333E+0	6,000000E+0
1,151962E+1	1,151962E+1	7,000000E+0
8,459569E+0	8,459569E+0	6,000000E+0
6,391551E+0	6,391551E+0	7,000000E+0
3,091301E+0	3,091301E+0	5,000000E+0
4,706500E+0	4,706500E+0	5,000000E+0
4,158092E+0	4,158092E+0	5,000000E+0
4,223656E+0	4,223656E+0	5,000000E+0
-6,611551E-1	-6,611551E-1	2,000000E+0
4,783093E+0	4,783093E+0	5,000000E+0
5,281868E+0	5,281868E+0	6,000000E+0
-7,291897E-2	-7,291897E-2	1,000000E+0
2,632355E+0	2,632355E+0	5,000000E+0
3,063115E+0	3,063115E+0	4,000000E+0
-4,540470E-1	-4,540470E-1	2,000000E+0
2,667281E+0	2,667281E+0	2,000000E+0
4,342529E+0	4,342529E+0	6,000000E+0
-1,073533E+0	-1,073533E+0	0,000000E+0
1,480026E+1	1,480026E+1	1,100000E+1
7,587019E+0	7,587019E+0	8,000000E+0
8,889104E+0	8,889104E+0	6,000000E+0
4,938118E+0	4,938118E+0	5,000000E+0
7,267165E+0	7,267165E+0	8,000000E+0
3,501228E+0	3,501228E+0	5,000000E+0
1,907476E+0	1,907476E+0	4,000000E+0
1,466299E+0	1,466299E+0	4,000000E+0
1,048406E+0	1,048406E+0	2,000000E+0
7,242655E+0	7,242655E+0	5,000000E+0
3,975494E+0	3,975494E+0	5,000000E+0
4,571083E+0	4,571083E+0	6,000000E+0
1,243872E+0	1,243872E+0	3,000000E+0
3,799023E+0	3,799023E+0	7,000000E+0
1,780025E+0	1,780025E+0	4,000000E+0
-8,406897E-1	-8,406897E-1	2,000000E+0
1,492647E+0	1,492647E+0	3,000000E+0
-1,178925E+0	-1,178925E+0	1,000000E+0
-6,237776E-1	-6,237776E-1	1,000000E+0
3,002236E-2	3,002236E-2	2,000000E+0
1,146448E+1	1,146448E+1	9,000000E+0
7,199150E+0	7,199150E+0	8,000000E+0
9,327217E+0	9,327217E+0	7,000000E+0
1,445466E+0	1,445466E+0	5,000000E+0
7,454053E+0	7,454053E+0	7,000000E+0
5,825374E+0	5,825374E+0	9,000000E+0
7,357852E+0	7,357852E+0	8,000000E+0
1,377451E+0	1,377451E+0	3,000000E+0
3,517160E+0	3,517160E+0	4,000000E+0
-4,038018E-1	-4,038018E-1	2,000000E+0
8,964452E-1	8,964452E-1	2,000000E+0
3,664219E+0	3,664219E+0	3,000000E+0
8,995089E-1	8,995089E-1	2,000000E+0
2,555761E+0	2,555761E+0	5,000000E+0
1,308210E+0	1,308210E+0	3,000000E+0
-2,218162E-1	-2,218162E-1	2,000000E+0
1,546569E+0	1,546569E+0	3,000000E+0
7,518371E-1	7,518371E-1	6,000000E+0
-8,198563E-1	-8,198563E-1	1,000000E+0
6,544105E-1	6,544105E-1	0,000000E+0
9,946704E+0	9,946704E+0	9,000000E+0
1,084376E+1	1,084376E+1	9,000000E+0
5,326599E+0	5,326599E+0	7,000000E+0
4,724250E-1	4,724250E-1	3,000000E+0
1,658701E+0	1,658701E+0	4,000000E+0
5,391945E-2	5,391945E-2	1,000000E+0
1,960568E-2	1,960568E-2	3,000000E+0
2,387256E+0	2,387256E+0	5,000000E+0
2,301472E+0	2,301472E+0	4,000000E+0
3,427699E+0	3,427699E+0	5,000000E+0
2,542874E-1	2,542874E-1	3,000000E+0
-9,191409E-2	-9,191409E-2	1,000000E+0
-2,696104E-1	-2,696104E-1	2,000000E+0
2,918507E+0	2,918507E+0	7,000000E+0
3,147674E+0	3,147674E+0	3,000000E+0
1,585784E+0	1,585784E+0	4,000000E+0
1,110294E+0	1,110294E+0	2,000000E+0
2,091913E+0	2,091913E+0	3,000000E+0
-1,072920E+0	-1,072920E+0	1,000000E+0
4,430132E-1	4,430132E-1	2,000000E+0
