8,199666	NaN	8,199666	0,000000	0,000000	0,000000	0,000000
8,223028	0,073234	8,171244	8,274813	0,000000	0,000000	0,000000
NaN	-0,000000	0,000000	0,000000	0,000000	0,000000	0,000000
NaN	-0,000000	0,000000	0,000000	0,000000	0,000000	0,000000
8,369509	NaN	8,369509	0,000000	0,000000	0,000000	0,000000
NaN	-0,000000	0,000000	0,000000	0,000000	0,000000	0,000000
8,515961	NaN	8,515961	0,000000	0,000000	0,000000	0,000000
NaN	-0,000000	0,000000	0,000000	0,000000	0,000000	0,000000
NaN	-0,000000	0,000000	0,000000	0,000000	0,000000	0,000000
NaN	-0,000000	0,000000	0,000000	0,000000	0,000000	0,000000
NaN	-0,000000	0,000000	0,000000	0,000000	0,000000	0,000000
NaN	-0,000000	0,000000	0,000000	0,000000	0,000000	0,000000
NaN	-0,000000	0,000000	0,000000	0,000000	0,000000	0,000000
NaN	-0,000000	0,000000	0,000000	0,000000	0,000000	0,000000
NaN	-0,000000	0,000000	0,000000	0,000000	0,000000	0,000000
NaN	-0,000000	0,000000	0,000000	0,000000	0,000000	0,000000
NaN	-0,000000	0,000000	0,000000	0,000000	0,000000	0,000000
NaN	-0,000000	0,000000	0,000000	0,000000	0,000000	0,000000
NaN	-0,000000	0,000000	0,000000	0,000000	0,000000	0,000000
NaN	-0,000000	0,000000	0,000000	0,000000	0,000000	0,000000
NaN	-0,000000	0,000000	0,000000	0,000000	0,000000	0,000000
NaN	-0,000000	0,000000	0,000000	0,000000	0,000000	0,000000
NaN	-0,000000	0,000000	0,000000	0,000000	0,000000	0,000000
NaN	-0,000000	0,000000	0,000000	0,000000	0,000000	0,000000
NaN	-0,000000	0,000000	0,000000	0,000000	0,000000	0,000000
NaN	-0,000000	0,000000	0,000000	0,000000	0,000000	0,000000
NaN	-0,000000	0,000000	0,000000	0,000000	0,000000	0,000000
NaN	-0,000000	0,000000	0,000000	0,000000	0,000000	0,000000
NaN	-0,000000	0,000000	0,000000	0,000000	0,000000	0,000000
NaN	-0,000000	0,000000	0,000000	0,000000	0,000000	0,000000
NaN	-0,000000	0,000000	0,000000	0,000000	0,000000	0,000000
NaN	-0,000000	0,000000	0,000000	0,000000	0,000000	0,000000
NaN	-0,000000	0,000000	0,000000	0,000000	0,000000	0,000000
NaN	-0,000000	0,000000	0,000000	0,000000	0,000000	0,000000
NaN	-0,000000	0,000000	0,000000	0,000000	0,000000	0,000000
NaN	-0,000000	0,000000	0,000000	0,000000	0,000000	0,000000
NaN	-0,000000	0,000000	0,000000	0,000000	0,000000	0,000000
NaN	-0,000000	0,000000	0,000000	0,000000	0,000000	0,000000
NaN	-0,000000	0,000000	0,000000	0,000000	0,000000	0,000000
NaN	-0,000000	0,000000	0,000000	0,000000	0,000000	0,000000
NaN	-0,000000	0,000000	0,000000	0,000000	0,000000	0,000000
NaN	-0,000000	0,000000	0,000000	0,000000	0,000000	0,000000
NaN	-0,000000	0,000000	0,000000	0,000000	0,000000	0,000000
NaN	-0,000000	0,000000	0,000000	0,000000	0,000000	0,000000
NaN	-0,000000	0,000000	0,000000	0,000000	0,000000	0,000000
NaN	-0,000000	0,000000	0,000000	0,000000	0,000000	0,000000
NaN	-0,000000	0,000000	0,000000	0,000000	0,000000	0,000000
NaN	-0,000000	0,000000	0,000000	0,000000	0,000000	0,000000
NaN	-0,000000	0,000000	0,000000	0,000000	0,000000	0,000000
NaN	-0,000000	0,000000	0,000000	0,000000	0,000000	0,000000
NaN	-0,000000	0,000000	0,000000	0,000000	0,000000	0,000000
8,224427	NaN	8,224427	0,000000	0,000000	0,000000	0,000000
NaN	-0,000000	0,000000	0,000000	0,000000	0,000000	0,000000
NaN	-0,000000	0,000000	0,000000	0,000000	0,000000	0,000000
8,221382	0,042229	8,191522	8,251242	0,000000	0,000000	0,000000
8,443922	NaN	8,443922	0,000000	0,000000	0,000000	0,000000
NaN	-0,000000	0,000000	0,000000	0,000000	0,000000	0,000000
NaN	-0,000000	0,000000	0,000000	0,000000	0,000000	0,000000
NaN	-0,000000	0,000000	0,000000	0,000000	0,000000	0,000000
NaN	-0,000000	0,000000	0,000000	0,000000	0,000000	0,000000
NaN	-0,000000	0,000000	0,000000	0,000000	0,000000	0,000000
NaN	-0,000000	0,000000	0,000000	0,000000	0,000000	0,000000
NaN	-0,000000	0,000000	0,000000	0,000000	0,000000	0,000000
NaN	-0,000000	0,000000	0,000000	0,000000	0,000000	0,000000
NaN	-0,000000	0,000000	0,000000	0,000000	0,000000	0,000000
NaN	-0,000000	0,000000	0,000000	0,000000	0,000000	0,000000
NaN	-0,000000	0,000000	0,000000	0,000000	0,000000	0,000000
NaN	-0,000000	0,000000	0,000000	0,000000	0,000000	0,000000
NaN	-0,000000	0,000000	0,000000	0,000000	0,000000	0,000000
NaN	-0,000000	0,000000	0,000000	0,000000	0,000000	0,000000
NaN	-0,000000	0,000000	0,000000	0,000000	0,000000	0,000000
NaN	-0,000000	0,000000	0,000000	0,000000	0,000000	0,000000
NaN	-0,000000	0,000000	0,000000	0,000000	0,000000	0,000000
NaN	-0,000000	0,000000	0,000000	0,000000	0,000000	0,000000
NaN	-0,000000	0,000000	0,000000	0,000000	0,000000	0,000000
NaN	-0,000000	0,000000	0,000000	0,000000	0,000000	0,000000
NaN	-0,000000	0,000000	0,000000	0,000000	0,000000	0,000000
NaN	-0,000000	0,000000	0,000000	0,000000	0,000000	0,000000
NaN	-0,000000	0,000000	0,000000	0,000000	0,000000	0,000000
NaN	-0,000000	0,000000	0,000000	0,000000	0,000000	0,000000
NaN	-0,000000	0,000000	0,000000	0,000000	0,000000	0,000000
NaN	-0,000000	0,000000	0,000000	0,000000	0,000000	0,000000
NaN	-0,000000	0,000000	0,000000	0,000000	0,000000	0,000000
NaN	-0,000000	0,000000	0,000000	0,000000	0,000000	0,000000
NaN	-0,000000	0,000000	0,000000	0,000000	0,000000	0,000000
NaN	-0,000000	0,000000	0,000000	0,000000	0,000000	0,000000
NaN	-0,000000	0,000000	0,000000	0,000000	0,000000	0,000000
NaN	-0,000000	0,000000	0,000000	0,000000	0,000000	0,000000
NaN	-0,000000	0,000000	0,000000	0,000000	0,000000	0,000000
NaN	-0,000000	0,000000	0,000000	0,000000	0,000000	0,000000
NaN	-0,000000	0,000000	0,000000	0,000000	0,000000	0,000000
NaN	-0,000000	0,000000	0,000000	0,000000	0,000000	0,000000
NaN	-0,000000	0,000000	0,000000	0,000000	0,000000	0,000000
NaN	-0,000000	0,000000	0,000000	0,000000	0,000000	0,000000
NaN	-0,000000	0,000000	0,000000	0,000000	0,000000	0,000000
NaN	-0,000000	0,000000	0,000000	0,000000	0,000000	0,000000
NaN	-0,000000	0,000000	0,000000	0,000000	0,000000	0,000000
NaN	-0,000000	0,000000	0,000000	0,000000	0,000000	0,000000
NaN	-0,000000	0,000000	0,000000	0,000000	0,000000	0,000000
NaN	-0,000000	0,000000	0,000000	0,000000	0,000000	0,000000
8,221994	NaN	8,221994	0,000000	0,000000	0,000000	0,000000
8,330804	NaN	8,330804	0,000000	0,000000	0,000000	0,000000
NaN	-0,000000	0,000000	0,000000	0,000000	0,000000	0,000000
NaN	-0,000000	0,000000	0,000000	0,000000	0,000000	0,000000
NaN	-0,000000	0,000000	0,000000	0,000000	0,000000	0,000000
NaN	-0,000000	0,000000	0,000000	0,000000	0,000000	0,000000
NaN	-0,000000	0,000000	0,000000	0,000000	0,000000	0,000000
8,352573	NaN	8,352573	0,000000	0,000000	0,000000	0,000000
NaN	-0,000000	0,000000	0,000000	0,000000	0,000000	0,000000
NaN	-0,000000	0,000000	0,000000	0,000000	0,000000	0,000000
NaN	-0,000000	0,000000	0,000000	0,000000	0,000000	0,000000
NaN	-0,000000	0,000000	0,000000	0,000000	0,000000	0,000000
NaN	-0,000000	0,000000	0,000000	0,000000	0,000000	0,000000
NaN	-0,000000	0,000000	0,000000	0,000000	0,000000	0,000000
NaN	-0,000000	0,000000	0,000000	0,000000	0,000000	0,000000
NaN	-0,000000	0,000000	0,000000	0,000000	0,000000	0,000000
NaN	-0,000000	0,000000	0,000000	0,000000	0,000000	0,000000
NaN	-0,000000	0,000000	0,000000	0,000000	0,000000	0,000000
NaN	-0,000000	0,000000	0,000000	0,000000	0,000000	0,000000
NaN	-0,000000	0,000000	0,000000	0,000000	0,000000	0,000000
NaN	-0,000000	0,000000	0,000000	0,000000	0,000000	0,000000
NaN	-0,000000	0,000000	0,000000	0,000000	0,000000	0,000000
NaN	-0,000000	0,000000	0,000000	0,000000	0,000000	0,000000
NaN	-0,000000	0,000000	0,000000	0,000000	0,000000	0,000000
NaN	-0,000000	0,000000	0,000000	0,000000	0,000000	0,000000
NaN	-0,000000	0,000000	0,000000	0,000000	0,000000	0,000000
NaN	-0,000000	0,000000	0,000000	0,000000	0,000000	0,000000
NaN	-0,000000	0,000000	0,000000	0,000000	0,000000	0,000000
NaN	-0,000000	0,000000	0,000000	0,000000	0,000000	0,000000
NaN	-0,000000	0,000000	0,000000	0,000000	0,000000	0,000000
NaN	-0,000000	0,000000	0,000000	0,000000	0,000000	0,000000
NaN	-0,000000	0,000000	0,000000	0,000000	0,000000	0,000000
NaN	-0,000000	0,000000	0,000000	0,000000	0,000000	0,000000
NaN	-0,000000	0,000000	0,000000	0,000000	0,000000	0,000000
NaN	-0,000000	0,000000	0,000000	0,000000	0,000000	0,000000
NaN	-0,000000	0,000000	0,000000	0,000000	0,000000	0,000000
NaN	-0,000000	0,000000	0,000000	0,000000	0,000000	0,000000
NaN	-0,000000	0,000000	0,000000	0,000000	0,000000	0,000000
NaN	-0,000000	0,000000	0,000000	0,000000	0,000000	0,000000
NaN	-0,000000	0,000000	0,000000	0,000000	0,000000	0,000000
NaN	-0,000000	0,000000	0,000000	0,000000	0,000000	0,000000
NaN	-0,000000	0,000000	0,000000	0,000000	0,000000	0,000000
NaN	-0,000000	0,000000	0,000000	0,000000	0,000000	0,000000
NaN	-0,000000	0,000000	0,000000	0,000000	0,000000	0,000000
NaN	-0,000000	0,000000	0,000000	0,000000	0,000000	0,000000
NaN	-0,000000	0,000000	0,000000	0,000000	0,000000	0,000000
NaN	-0,000000	0,000000	0,000000	0,000000	0,000000	0,000000
NaN	-0,000000	0,000000	0,000000	0,000000	0,000000	0,000000
NaN	-0,000000	0,000000	0,000000	0,000000	0,000000	0,000000
NaN	-0,000000	0,000000	0,000000	0,000000	0,000000	0,000000
8,315769	NaN	8,315769	0,000000	0,000000	0,000000	0,000000
8,702375	0,016989	8,690363	8,714388	0,000000	0,000000	0,000000
NaN	-0,000000	0,000000	0,000000	0,000000	0,000000	0,000000
NaN	-0,000000	0,000000	0,000000	0,000000	0,000000	0,000000
8,528524	NaN	8,528524	0,000000	0,000000	0,000000	0,000000
8,603875	NaN	8,603875	0,000000	0,000000	0,000000	0,000000
NaN	-0,000000	0,000000	0,000000	0,000000	0,000000	0,000000
NaN	-0,000000	0,000000	0,000000	0,000000	0,000000	0,000000
NaN	-0,000000	0,000000	0,000000	0,000000	0,000000	0,000000
NaN	-0,000000	0,000000	0,000000	0,000000	0,000000	0,000000
NaN	-0,000000	0,000000	0,000000	0,000000	0,000000	0,000000
NaN	-0,000000	0,000000	0,000000	0,000000	0,000000	0,000000
NaN	-0,000000	0,000000	0,000000	0,000000	0,000000	0,000000
NaN	-0,000000	0,000000	0,000000	0,000000	0,000000	0,000000
NaN	-0,000000	0,000000	0,000000	0,000000	0,000000	0,000000
NaN	-0,000000	0,000000	0,000000	0,000000	0,000000	0,000000
NaN	-0,000000	0,000000	0,000000	0,000000	0,000000	0,000000
NaN	-0,000000	0,000000	0,000000	0,000000	0,000000	0,000000
NaN	-0,000000	0,000000	0,000000	0,000000	0,000000	0,000000
NaN	-0,000000	0,000000	0,000000	0,000000	0,000000	0,000000
NaN	-0,000000	0,000000	0,000000	0,000000	0,000000	0,000000
NaN	-0,000000	0,000000	0,000000	0,000000	0,000000	0,000000
NaN	-0,000000	0,000000	0,000000	0,000000	0,000000	0,000000
NaN	-0,000000	0,000000	0,000000	0,000000	0,000000	0,000000
NaN	-0,000000	0,000000	0,000000	0,000000	0,000000	0,000000
NaN	-0,000000	0,000000	0,000000	0,000000	0,000000	0,000000
NaN	-0,000000	0,000000	0,000000	0,000000	0,000000	0,000000
NaN	-0,000000	0,000000	0,000000	0,000000	0,000000	0,000000
NaN	-0,000000	0,000000	0,000000	0,000000	0,000000	0,000000
NaN	-0,000000	0,000000	0,000000	0,000000	0,000000	0,000000
NaN	-0,000000	0,000000	0,000000	0,000000	0,000000	0,000000
NaN	-0,000000	0,000000	0,000000	0,000000	0,000000	0,000000
8,211524	NaN	8,211524	0,000000	0,000000	0,000000	0,000000
NaN	-0,000000	0,000000	0,000000	0,000000	0,000000	0,000000
NaN	-0,000000	0,000000	0,000000	0,000000	0,000000	0,000000
NaN	-0,000000	0,000000	0,000000	0,000000	0,000000	0,000000
NaN	-0,000000	0,000000	0,000000	0,000000	0,000000	0,000000
NaN	-0,000000	0,000000	0,000000	0,000000	0,000000	0,000000
NaN	-0,000000	0,000000	0,000000	0,000000	0,000000	0,000000
NaN	-0,000000	0,000000	0,000000	0,000000	0,000000	0,000000
NaN	-0,000000	0,000000	0,000000	0,000000	0,000000	0,000000
NaN	-0,000000	0,000000	0,000000	0,000000	0,000000	0,000000
NaN	-0,000000	0,000000	0,000000	0,000000	0,000000	0,000000
NaN	-0,000000	0,000000	0,000000	0,000000	0,000000	0,000000
NaN	-0,000000	0,000000	0,000000	0,000000	0,000000	0,000000
NaN	-0,000000	0,000000	0,000000	0,000000	0,000000	0,000000
NaN	-0,000000	0,000000	0,000000	0,000000	0,000000	0,000000
NaN	-0,000000	0,000000	0,000000	0,000000	0,000000	0,000000
NaN	-0,000000	0,000000	0,000000	0,000000	0,000000	0,000000
NaN	-0,000000	0,000000	0,000000	0,000000	0,000000	0,000000
NaN	-0,000000	0,000000	0,000000	0,000000	0,000000	0,000000
NaN	-0,000000	0,000000	0,000000	0,000000	0,000000	0,000000
NaN	-0,000000	0,000000	0,000000	0,000000	0,000000	0,000000
NaN	-0,000000	0,000000	0,000000	0,000000	0,000000	0,000000
NaN	-0,000000	0,000000	0,000000	0,000000	0,000000	0,000000
NaN	-0,000000	0,000000	0,000000	0,000000	0,000000	0,000000
NaN	-0,000000	0,000000	0,000000	0,000000	0,000000	0,000000
NaN	-0,000000	0,000000	0,000000	0,000000	0,000000	0,000000
NaN	-0,000000	0,000000	0,000000	0,000000	0,000000	0,000000
NaN	-0,000000	0,000000	0,000000	0,000000	0,000000	0,000000
8,433630	NaN	8,433630	0,000000	0,000000	0,000000	0,000000
NaN	-0,000000	0,000000	0,000000	0,000000	0,000000	0,000000
NaN	-0,000000	0,000000	0,000000	0,000000	0,000000	0,000000
NaN	-0,000000	0,000000	0,000000	0,000000	0,000000	0,000000
NaN	-0,000000	0,000000	0,000000	0,000000	0,000000	0,000000
NaN	-0,000000	0,000000	0,000000	0,000000	0,000000	0,000000
NaN	-0,000000	0,000000	0,000000	0,000000	0,000000	0,000000
NaN	-0,000000	0,000000	0,000000	0,000000	0,000000	0,000000
NaN	-0,000000	0,000000	0,000000	0,000000	0,000000	0,000000
NaN	-0,000000	0,000000	0,000000	0,000000	0,000000	0,000000
NaN	-0,000000	0,000000	0,000000	0,000000	0,000000	0,000000
NaN	-0,000000	0,000000	0,000000	0,000000	0,000000	0,000000
NaN	-0,000000	0,000000	0,000000	0,000000	0,000000	0,000000
NaN	-0,000000	0,000000	0,000000	0,000000	0,000000	0,000000
NaN	-0,000000	0,000000	0,000000	0,000000	0,000000	0,000000
NaN	-0,000000	0,000000	0,000000	0,000000	0,000000	0,000000
NaN	-0,000000	0,000000	0,000000	0,000000	0,000000	0,000000
NaN	-0,000000	0,000000	0,000000	0,000000	0,000000	0,000000
NaN	-0,000000	0,000000	0,000000	0,000000	0,000000	0,000000
NaN	-0,000000	0,000000	0,000000	0,000000	0,000000	0,000000
NaN	-0,000000	0,000000	0,000000	0,000000	0,000000	0,000000
NaN	-0,000000	0,000000	0,000000	0,000000	0,000000	0,000000
NaN	-0,000000	0,000000	0,000000	0,000000	0,000000	0,000000
8,464410	NaN	8,464410	0,000000	0,000000	0,000000	0,000000
NaN	-0,000000	0,000000	0,000000	0,000000	0,000000	0,000000
8,502201	NaN	8,502201	0,000000	0,000000	0,000000	0,000000
NaN	-0,000000	0,000000	0,000000	0,000000	0,000000	0,000000
NaN	-0,000000	0,000000	0,000000	0,000000	0,000000	0,000000
NaN	-0,000000	0,000000	0,000000	0,000000	0,000000	0,000000
NaN	-0,000000	0,000000	0,000000	0,000000	0,000000	0,000000
NaN	-0,000000	0,000000	0,000000	0,000000	0,000000	0,000000
NaN	-0,000000	0,000000	0,000000	0,000000	0,000000	0,000000
NaN	-0,000000	0,000000	0,000000	0,000000	0,000000	0,000000
NaN	-0,000000	0,000000	0,000000	0,000000	0,000000	0,000000
NaN	-0,000000	0,000000	0,000000	0,000000	0,000000	0,000000
NaN	-0,000000	0,000000	0,000000	0,000000	0,000000	0,000000
NaN	-0,000000	0,000000	0,000000	0,000000	0,000000	0,000000
NaN	-0,000000	0,000000	0,000000	0,000000	0,000000	0,000000
NaN	-0,000000	0,000000	0,000000	0,000000	0,000000	0,000000
NaN	-0,000000	0,000000	0,000000	0,000000	0,000000	0,000000
NaN	-0,000000	0,000000	0,000000	0,000000	0,000000	0,000000
NaN	-0,000000	0,000000	0,000000	0,000000	0,000000	0,000000
NaN	-0,000000	0,000000	0,000000	0,000000	0,000000	0,000000
NaN	-0,000000	0,000000	0,000000	0,000000	0,000000	0,000000
NaN	-0,000000	0,000000	0,000000	0,000000	0,000000	0,000000
NaN	-0,000000	0,000000	0,000000	0,000000	0,000000	0,000000
NaN	-0,000000	0,000000	0,000000	0,000000	0,000000	0,000000
NaN	-0,000000	0,000000	0,000000	0,000000	0,000000	0,000000
NaN	-0,000000	0,000000	0,000000	0,000000	0,000000	0,000000
NaN	-0,000000	0,000000	0,000000	0,000000	0,000000	0,000000
NaN	-0,000000	0,000000	0,000000	0,000000	0,000000	0,000000
NaN	-0,000000	0,000000	0,000000	0,000000	0,000000	0,000000
NaN	-0,000000	0,000000	0,000000	0,000000	0,000000	0,000000
NaN	-0,000000	0,000000	0,000000	0,000000	0,000000	0,000000
NaN	-0,000000	0,000000	0,000000	0,000000	0,000000	0,000000
NaN	-0,000000	0,000000	0,000000	0,000000	0,000000	0,000000
NaN	-0,000000	0,000000	0,000000	0,000000	0,000000	0,000000
NaN	-0,000000	0,000000	0,000000	0,000000	0,000000	0,000000
NaN	-0,000000	0,000000	0,000000	0,000000	0,000000	0,000000
NaN	-0,000000	0,000000	0,000000	0,000000	0,000000	0,000000
NaN	-0,000000	0,000000	0,000000	0,000000	0,000000	0,000000
NaN	-0,000000	0,000000	0,000000	0,000000	0,000000	0,000000
NaN	-0,000000	0,000000	0,000000	0,000000	0,000000	0,000000
NaN	-0,000000	0,000000	0,000000	0,000000	0,000000	0,000000
NaN	-0,000000	0,000000	0,000000	0,000000	0,000000	0,000000
NaN	-0,000000	0,000000	0,000000	0,000000	0,000000	0,000000
NaN	-0,000000	0,000000	0,000000	0,000000	0,000000	0,000000
NaN	-0,000000	0,000000	0,000000	0,000000	0,000000	0,000000
NaN	-0,000000	0,000000	0,000000	0,000000	0,000000	0,000000
NaN	-0,000000	0,000000	0,000000	0,000000	0,000000	0,000000
NaN	-0,000000	0,000000	0,000000	0,000000	0,000000	0,000000
NaN	-0,000000	0,000000	0,000000	0,000000	0,000000	0,000000
NaN	-0,000000	0,000000	0,000000	0,000000	0,000000	0,000000
NaN	-0,000000	0,000000	0,000000	0,000000	0,000000	0,000000
NaN	-0,000000	0,000000	0,000000	0,000000	0,000000	0,000000
NaN	-0,000000	0,000000	0,000000	0,000000	0,000000	0,000000
NaN	-0,000000	0,000000	0,000000	0,000000	0,000000	0,000000
NaN	-0,000000	0,000000	0,000000	0,000000	0,000000	0,000000
NaN	-0,000000	0,000000	0,000000	0,000000	0,000000	0,000000
NaN	-0,000000	0,000000	0,000000	0,000000	0,000000	0,000000
NaN	-0,000000	0,000000	0,000000	0,000000	0,000000	0,000000
NaN	-0,000000	0,000000	0,000000	0,000000	0,000000	0,000000
NaN	-0,000000	0,000000	0,000000	0,000000	0,000000	0,000000
NaN	-0,000000	0,000000	0,000000	0,000000	0,000000	0,000000
NaN	-0,000000	0,000000	0,000000	0,000000	0,000000	0,000000
NaN	-0,000000	0,000000	0,000000	0,000000	0,000000	0,000000
NaN	-0,000000	0,000000	0,000000	0,000000	0,000000	0,000000
NaN	-0,000000	0,000000	0,000000	0,000000	0,000000	0,000000
NaN	-0,000000	0,000000	0,000000	0,000000	0,000000	0,000000
NaN	-0,000000	0,000000	0,000000	0,000000	0,000000	0,000000
NaN	-0,000000	0,000000	0,000000	0,000000	0,000000	0,000000
NaN	-0,000000	0,000000	0,000000	0,000000	0,000000	0,000000
8,611344	NaN	8,611344	0,000000	0,000000	0,000000	0,000000
NaN	-0,000000	0,000000	0,000000	0,000000	0,000000	0,000000
NaN	-0,000000	0,000000	0,000000	0,000000	0,000000	0,000000
NaN	-0,000000	0,000000	0,000000	0,000000	0,000000	0,000000
8,554258	0,008889	8,547972	8,560544	0,000000	0,000000	0,000000
NaN	-0,000000	0,000000	0,000000	0,000000	0,000000	0,000000
NaN	-0,000000	0,000000	0,000000	0,000000	0,000000	0,000000
NaN	-0,000000	0,000000	0,000000	0,000000	0,000000	0,000000
NaN	-0,000000	0,000000	0,000000	0,000000	0,000000	0,000000
NaN	-0,000000	0,000000	0,000000	0,000000	0,000000	0,000000
NaN	-0,000000	0,000000	0,000000	0,000000	0,000000	0,000000
NaN	-0,000000	0,000000	0,000000	0,000000	0,000000	0,000000
NaN	-0,000000	0,000000	0,000000	0,000000	0,000000	0,000000
NaN	-0,000000	0,000000	0,000000	0,000000	0,000000	0,000000
NaN	-0,000000	0,000000	0,000000	0,000000	0,000000	0,000000
NaN	-0,000000	0,000000	0,000000	0,000000	0,000000	0,000000
NaN	-0,000000	0,000000	0,000000	0,000000	0,000000	0,000000
NaN	-0,000000	0,000000	0,000000	0,000000	0,000000	0,000000
NaN	-0,000000	0,000000	0,000000	0,000000	0,000000	0,000000
NaN	-0,000000	0,000000	0,000000	0,000000	0,000000	0,000000
NaN	-0,000000	0,000000	0,000000	0,000000	0,000000	0,000000
NaN	-0,000000	0,000000	0,000000	0,000000	0,000000	0,000000
NaN	-0,000000	0,000000	0,000000	0,000000	0,000000	0,000000
NaN	-0,000000	0,000000	0,000000	0,000000	0,000000	0,000000
NaN	-0,000000	0,000000	0,000000	0,000000	0,000000	0,000000
NaN	-0,000000	0,000000	0,000000	0,000000	0,000000	0,000000
NaN	-0,000000	0,000000	0,000000	0,000000	0,000000	0,000000
NaN	-0,000000	0,000000	0,000000	0,000000	0,000000	0,000000
NaN	-0,000000	0,000000	0,000000	0,000000	0,000000	0,000000
NaN	-0,000000	0,000000	0,000000	0,000000	0,000000	0,000000
NaN	-0,000000	0,000000	0,000000	0,000000	0,000000	0,000000
NaN	-0,000000	0,000000	0,000000	0,000000	0,000000	0,000000
NaN	-0,000000	0,000000	0,000000	0,000000	0,000000	0,000000
NaN	-0,000000	0,000000	0,000000	0,000000	0,000000	0,000000
NaN	-0,000000	0,000000	0,000000	0,000000	0,000000	0,000000
NaN	-0,000000	0,000000	0,000000	0,000000	0,000000	0,000000
NaN	-0,000000	0,000000	0,000000	0,000000	0,000000	0,000000
NaN	-0,000000	0,000000	0,000000	0,000000	0,000000	0,000000
NaN	-0,000000	0,000000	0,000000	0,000000	0,000000	0,000000
NaN	-0,000000	0,000000	0,000000	0,000000	0,000000	0,000000
NaN	-0,000000	0,000000	0,000000	0,000000	0,000000	0,000000
NaN	-0,000000	0,000000	0,000000	0,000000	0,000000	0,000000
NaN	-0,000000	0,000000	0,000000	0,000000	0,000000	0,000000
NaN	-0,000000	0,000000	0,000000	0,000000	0,000000	0,000000
NaN	-0,000000	0,000000	0,000000	0,000000	0,000000	0,000000
NaN	-0,000000	0,000000	0,000000	0,000000	0,000000	0,000000
NaN	-0,000000	0,000000	0,000000	0,000000	0,000000	0,000000
NaN	-0,000000	0,000000	0,000000	0,000000	0,000000	0,000000
8,756843	NaN	8,756843	0,000000	0,000000	0,000000	0,000000
NaN	-0,000000	0,000000	0,000000	0,000000	0,000000	0,000000
NaN	-0,000000	0,000000	0,000000	0,000000	0,000000	0,000000
NaN	-0,000000	0,000000	0,000000	0,000000	0,000000	0,000000
NaN	-0,000000	0,000000	0,000000	0,000000	0,000000	0,000000
NaN	-0,000000	0,000000	0,000000	0,000000	0,000000	0,000000
8,387214	NaN	8,387214	0,000000	0,000000	0,000000	0,000000
NaN	-0,000000	0,000000	0,000000	0,000000	0,000000	0,000000
NaN	-0,000000	0,000000	0,000000	0,000000	0,000000	0,000000
NaN	-0,000000	0,000000	0,000000	0,000000	0,000000	0,000000
NaN	-0,000000	0,000000	0,000000	0,000000	0,000000	0,000000
NaN	-0,000000	0,000000	0,000000	0,000000	0,000000	0,000000
NaN	-0,000000	0,000000	0,000000	0,000000	0,000000	0,000000
NaN	-0,000000	0,000000	0,000000	0,000000	0,000000	0,000000
NaN	-0,000000	0,000000	0,000000	0,000000	0,000000	0,000000
NaN	-0,000000	0,000000	0,000000	0,000000	0,000000	0,000000
NaN	-0,000000	0,000000	0,000000	0,000000	0,000000	0,000000
NaN	-0,000000	0,000000	0,000000	0,000000	0,000000	0,000000
NaN	-0,000000	0,000000	0,000000	0,000000	0,000000	0,000000
NaN	-0,000000	0,000000	0,000000	0,000000	0,000000	0,000000
NaN	-0,000000	0,000000	0,000000	0,000000	0,000000	0,000000
NaN	-0,000000	0,000000	0,000000	0,000000	0,000000	0,000000
NaN	-0,000000	0,000000	0,000000	0,000000	0,000000	0,000000
NaN	-0,000000	0,000000	0,000000	0,000000	0,000000	0,000000
NaN	-0,000000	0,000000	0,000000	0,000000	0,000000	0,000000
NaN	-0,000000	0,000000	0,000000	0,000000	0,000000	0,000000
NaN	-0,000000	0,000000	0,000000	0,000000	0,000000	0,000000
NaN	-0,000000	0,000000	0,000000	0,000000	0,000000	0,000000
NaN	-0,000000	0,000000	0,000000	0,000000	0,000000	0,000000
NaN	-0,000000	0,000000	0,000000	0,000000	0,000000	0,000000
NaN	-0,000000	0,000000	0,000000	0,000000	0,000000	0,000000
NaN	-0,000000	0,000000	0,000000	0,000000	0,000000	0,000000
NaN	-0,000000	0,000000	0,000000	0,000000	0,000000	0,000000
NaN	-0,000000	0,000000	0,000000	0,000000	0,000000	0,000000
NaN	-0,000000	0,000000	0,000000	0,000000	0,000000	0,000000
NaN	-0,000000	0,000000	0,000000	0,000000	0,000000	0,000000
NaN	-0,000000	0,000000	0,000000	0,000000	0,000000	0,000000
NaN	-0,000000	0,000000	0,000000	0,000000	0,000000	0,000000
NaN	-0,000000	0,000000	0,000000	0,000000	0,000000	0,000000
NaN	-0,000000	0,000000	0,000000	0,000000	0,000000	0,000000
NaN	-0,000000	0,000000	0,000000	0,000000	0,000000	0,000000
NaN	-0,000000	0,000000	0,000000	0,000000	0,000000	0,000000
NaN	-0,000000	0,000000	0,000000	0,000000	0,000000	0,000000
NaN	-0,000000	0,000000	0,000000	0,000000	0,000000	0,000000
NaN	-0,000000	0,000000	0,000000	0,000000	0,000000	0,000000
NaN	-0,000000	0,000000	0,000000	0,000000	0,000000	0,000000
NaN	-0,000000	0,000000	0,000000	0,000000	0,000000	0,000000
NaN	-0,000000	0,000000	0,000000	0,000000	0,000000	0,000000
NaN	-0,000000	0,000000	0,000000	0,000000	0,000000	0,000000
NaN	-0,000000	0,000000	0,000000	0,000000	0,000000	0,000000
8,886892	NaN	8,886892	0,000000	0,000000	0,000000	0,000000
NaN	-0,000000	0,000000	0,000000	0,000000	0,000000	0,000000
NaN	-0,000000	0,000000	0,000000	0,000000	0,000000	0,000000
NaN	-0,000000	0,000000	0,000000	0,000000	0,000000	0,000000
NaN	-0,000000	0,000000	0,000000	0,000000	0,000000	0,000000
NaN	-0,000000	0,000000	0,000000	0,000000	0,000000	0,000000
8,193833	NaN	8,193833	0,000000	0,000000	0,000000	0,000000
NaN	-0,000000	0,000000	0,000000	0,000000	0,000000	0,000000
NaN	-0,000000	0,000000	0,000000	0,000000	0,000000	0,000000
NaN	-0,000000	0,000000	0,000000	0,000000	0,000000	0,000000
8,231736	NaN	8,231736	0,000000	0,000000	0,000000	0,000000
NaN	-0,000000	0,000000	0,000000	0,000000	0,000000	0,000000
NaN	-0,000000	0,000000	0,000000	0,000000	0,000000	0,000000
NaN	-0,000000	0,000000	0,000000	0,000000	0,000000	0,000000
NaN	-0,000000	0,000000	0,000000	0,000000	0,000000	0,000000
NaN	-0,000000	0,000000	0,000000	0,000000	0,000000	0,000000
NaN	-0,000000	0,000000	0,000000	0,000000	0,000000	0,000000
NaN	-0,000000	0,000000	0,000000	0,000000	0,000000	0,000000
NaN	-0,000000	0,000000	0,000000	0,000000	0,000000	0,000000
NaN	-0,000000	0,000000	0,000000	0,000000	0,000000	0,000000
NaN	-0,000000	0,000000	0,000000	0,000000	0,000000	0,000000
NaN	-0,000000	0,000000	0,000000	0,000000	0,000000	0,000000
NaN	-0,000000	0,000000	0,000000	0,000000	0,000000	0,000000
NaN	-0,000000	0,000000	0,000000	0,000000	0,000000	0,000000
NaN	-0,000000	0,000000	0,000000	0,000000	0,000000	0,000000
NaN	-0,000000	0,000000	0,000000	0,000000	0,000000	0,000000
NaN	-0,000000	0,000000	0,000000	0,000000	0,000000	0,000000
7,387413	NaN	7,387413	0,000000	0,000000	0,000000	0,000000
NaN	-0,000000	0,000000	0,000000	0,000000	0,000000	0,000000
NaN	-0,000000	0,000000	0,000000	0,000000	0,000000	0,000000
NaN	-0,000000	0,000000	0,000000	0,000000	0,000000	0,000000
NaN	-0,000000	0,000000	0,000000	0,000000	0,000000	0,000000
NaN	-0,000000	0,000000	0,000000	0,000000	0,000000	0,000000
NaN	-0,000000	0,000000	0,000000	0,000000	0,000000	0,000000
NaN	-0,000000	0,000000	0,000000	0,000000	0,000000	0,000000
NaN	-0,000000	0,000000	0,000000	0,000000	0,000000	0,000000
NaN	-0,000000	0,000000	0,000000	0,000000	0,000000	0,000000
NaN	-0,000000	0,000000	0,000000	0,000000	0,000000	0,000000
NaN	-0,000000	0,000000	0,000000	0,000000	0,000000	0,000000
NaN	-0,000000	0,000000	0,000000	0,000000	0,000000	0,000000
NaN	-0,000000	0,000000	0,000000	0,000000	0,000000	0,000000
NaN	-0,000000	0,000000	0,000000	0,000000	0,000000	0,000000
NaN	-0,000000	0,000000	0,000000	0,000000	0,000000	0,000000
NaN	-0,000000	0,000000	0,000000	0,000000	0,000000	0,000000
NaN	-0,000000	0,000000	0,000000	0,000000	0,000000	0,000000
NaN	-0,000000	0,000000	0,000000	0,000000	0,000000	0,000000
NaN	-0,000000	0,000000	0,000000	0,000000	0,000000	0,000000
NaN	-0,000000	0,000000	0,000000	0,000000	0,000000	0,000000
NaN	-0,000000	0,000000	0,000000	0,000000	0,000000	0,000000
NaN	-0,000000	0,000000	0,000000	0,000000	0,000000	0,000000
8,489983	0,240330	8,225918	8,240978	8,595443	8,643263	8,744312
NaN	-0,000000	0,000000	0,000000	0,000000	0,000000	0,000000
NaN	-0,000000	0,000000	0,000000	0,000000	0,000000	0,000000
NaN	-0,000000	0,000000	0,000000	0,000000	0,000000	0,000000
NaN	-0,000000	0,000000	0,000000	0,000000	0,000000	0,000000
NaN	-0,000000	0,000000	0,000000	0,000000	0,000000	0,000000
NaN	-0,000000	0,000000	0,000000	0,000000	0,000000	0,000000
NaN	-0,000000	0,000000	0,000000	0,000000	0,000000	0,000000
NaN	-0,000000	0,000000	0,000000	0,000000	0,000000	0,000000
NaN	-0,000000	0,000000	0,000000	0,000000	0,000000	0,000000
NaN	-0,000000	0,000000	0,000000	0,000000	0,000000	0,000000
NaN	-0,000000	0,000000	0,000000	0,000000	0,000000	0,000000
NaN	-0,000000	0,000000	0,000000	0,000000	0,000000	0,000000
NaN	-0,000000	0,000000	0,000000	0,000000	0,000000	0,000000
NaN	-0,000000	0,000000	0,000000	0,000000	0,000000	0,000000
NaN	-0,000000	0,000000	0,000000	0,000000	0,000000	0,000000
NaN	-0,000000	0,000000	0,000000	0,000000	0,000000	0,000000
NaN	-0,000000	0,000000	0,000000	0,000000	0,000000	0,000000
NaN	-0,000000	0,000000	0,000000	0,000000	0,000000	0,000000
8,315102	0,024297	8,297922	8,332283	0,000000	0,000000	0,000000
NaN	-0,000000	0,000000	0,000000	0,000000	0,000000	0,000000
NaN	-0,000000	0,000000	0,000000	0,000000	0,000000	0,000000
NaN	-0,000000	0,000000	0,000000	0,000000	0,000000	0,000000
NaN	-0,000000	0,000000	0,000000	0,000000	0,000000	0,000000
NaN	-0,000000	0,000000	0,000000	0,000000	0,000000	0,000000
NaN	-0,000000	0,000000	0,000000	0,000000	0,000000	0,000000
NaN	-0,000000	0,000000	0,000000	0,000000	0,000000	0,000000
NaN	-0,000000	0,000000	0,000000	0,000000	0,000000	0,000000
NaN	-0,000000	0,000000	0,000000	0,000000	0,000000	0,000000
NaN	-0,000000	0,000000	0,000000	0,000000	0,000000	0,000000
NaN	-0,000000	0,000000	0,000000	0,000000	0,000000	0,000000
NaN	-0,000000	0,000000	0,000000	0,000000	0,000000	0,000000
NaN	-0,000000	0,000000	0,000000	0,000000	0,000000	0,000000
NaN	-0,000000	0,000000	0,000000	0,000000	0,000000	0,000000
NaN	-0,000000	0,000000	0,000000	0,000000	0,000000	0,000000
NaN	-0,000000	0,000000	0,000000	0,000000	0,000000	0,000000
NaN	-0,000000	0,000000	0,000000	0,000000	0,000000	0,000000
NaN	-0,000000	0,000000	0,000000	0,000000	0,000000	0,000000
NaN	-0,000000	0,000000	0,000000	0,000000	0,000000	0,000000
NaN	-0,000000	0,000000	0,000000	0,000000	0,000000	0,000000
NaN	-0,000000	0,000000	0,000000	0,000000	0,000000	0,000000
NaN	-0,000000	0,000000	0,000000	0,000000	0,000000	0,000000
NaN	-0,000000	0,000000	0,000000	0,000000	0,000000	0,000000
NaN	-0,000000	0,000000	0,000000	0,000000	0,000000	0,000000
NaN	-0,000000	0,000000	0,000000	0,000000	0,000000	0,000000
NaN	-0,000000	0,000000	0,000000	0,000000	0,000000	0,000000
NaN	-0,000000	0,000000	0,000000	0,000000	0,000000	0,000000
NaN	-0,000000	0,000000	0,000000	0,000000	0,000000	0,000000
NaN	-0,000000	0,000000	0,000000	0,000000	0,000000	0,000000
NaN	-0,000000	0,000000	0,000000	0,000000	0,000000	0,000000
