8,256292	0,080086	8,167200	8,175406	8,186700	8,206710	8,224256	8,239172	8,251762	8,259684	8,281156	8,292807	8,336983	8,453663	0,000000	0,000000	0,000000	0,000000
8,256022	0,070801	8,166285	8,172599	8,190174	8,202208	8,217827	8,224099	8,229219	8,240953	8,244921	8,253124	8,269645	8,325702	8,336568	8,370248	8,396749	0,000000
8,230578	0,040545	8,180800	8,194795	8,200948	8,207094	8,215810	8,221220	8,246700	8,255510	8,268987	8,313915	0,000000	0,000000	0,000000	0,000000	0,000000	0,000000
8,236606	0,039977	8,180570	8,188696	8,203749	8,212331	8,224260	8,232589	8,240481	8,253050	8,280324	8,286929	8,299690	0,000000	0,000000	0,000000	0,000000	0,000000
8,235687	0,037620	8,198715	8,204858	8,211173	8,220060	8,227906	8,234221	8,241585	8,260760	8,321906	0,000000	0,000000	0,000000	0,000000	0,000000	0,000000	0,000000
8,256770	0,074814	8,181886	8,189371	8,197256	8,206794	8,216789	8,223700	8,229076	8,245883	8,251226	8,264417	8,288981	8,304107	8,327162	8,468130	0,000000	0,000000
8,250683	0,055441	8,181793	8,198273	8,205889	8,222837	8,233811	8,250210	8,259298	8,280799	8,312122	8,361802	0,000000	0,000000	0,000000	0,000000	0,000000	0,000000
8,226362	0,031610	8,191461	8,198021	8,205920	8,211820	8,220684	8,243385	8,258683	8,280925	0,000000	0,000000	0,000000	0,000000	0,000000	0,000000	0,000000	0,000000
8,236663	0,033168	8,196699	8,202761	8,211817	8,218034	8,227665	8,250545	8,259475	8,269700	8,293272	0,000000	0,000000	0,000000	0,000000	0,000000	0,000000	0,000000
8,244820	0,032190	8,205686	8,211361	8,221295	8,233731	8,240960	8,246262	8,260720	8,279419	8,303942	0,000000	0,000000	0,000000	0,000000	0,000000	0,000000	0,000000
8,257859	0,041786	8,207799	8,212266	8,220002	8,226853	8,240524	8,251531	8,261413	8,274447	8,298458	8,315076	8,328081	0,000000	0,000000	0,000000	0,000000	0,000000
8,273198	0,088926	8,191594	8,203123	8,226788	8,236810	8,245884	8,258000	8,389676	8,433708	0,000000	0,000000	0,000000	0,000000	0,000000	0,000000	0,000000	0,000000
8,206896	0,014246	8,191186	8,200466	8,211816	8,224116	0,000000	0,000000	0,000000	0,000000	0,000000	0,000000	0,000000	0,000000	0,000000	0,000000	0,000000	0,000000
8,270334	0,064060	8,212922	8,258647	8,339433	0,000000	0,000000	0,000000	0,000000	0,000000	0,000000	0,000000	0,000000	0,000000	0,000000	0,000000	0,000000	0,000000
8,243420	0,054327	8,200651	8,225061	8,304548	0,000000	0,000000	0,000000	0,000000	0,000000	0,000000	0,000000	0,000000	0,000000	0,000000	0,000000	0,000000	0,000000
8,250297	0,030506	8,217253	8,227957	8,242585	8,275473	8,288219	0,000000	0,000000	0,000000	0,000000	0,000000	0,000000	0,000000	0,000000	0,000000	0,000000	0,000000
8,244077	0,028846	8,204334	8,214916	8,234123	8,243939	8,255150	8,273900	8,282177	0,000000	0,000000	0,000000	0,000000	0,000000	0,000000	0,000000	0,000000	0,000000
8,260472	0,033721	8,236628	8,284316	0,000000	0,000000	0,000000	0,000000	0,000000	0,000000	0,000000	0,000000	0,000000	0,000000	0,000000	0,000000	0,000000	0,000000
8,253556	0,017454	8,234794	8,256564	8,269311	0,000000	0,000000	0,000000	0,000000	0,000000	0,000000	0,000000	0,000000	0,000000	0,000000	0,000000	0,000000	0,000000
8,260158	0,038776	8,212150	8,225677	8,254559	8,270484	8,278273	8,319807	0,000000	0,000000	0,000000	0,000000	0,000000	0,000000	0,000000	0,000000	0,000000	0,000000
8,240306	0,046097	8,188998	8,203279	8,237628	8,272631	8,298993	0,000000	0,000000	0,000000	0,000000	0,000000	0,000000	0,000000	0,000000	0,000000	0,000000	0,000000
8,252651	0,018338	8,230509	8,236816	8,245789	8,256084	8,269873	8,276835	0,000000	0,000000	0,000000	0,000000	0,000000	0,000000	0,000000	0,000000	0,000000	0,000000
8,245983	0,045177	8,210478	8,218401	8,245033	8,310020	0,000000	0,000000	0,000000	0,000000	0,000000	0,000000	0,000000	0,000000	0,000000	0,000000	0,000000	0,000000
8,302890	0,107337	8,193906	8,242751	8,281396	8,320863	8,475534	0,000000	0,000000	0,000000	0,000000	0,000000	0,000000	0,000000	0,000000	0,000000	0,000000	0,000000
8,309002	0,122709	8,202728	8,208702	8,219978	8,241359	8,270208	8,282977	8,371467	8,409054	8,574542	0,000000	0,000000	0,000000	0,000000	0,000000	0,000000	0,000000
8,198905	0,009480	8,189096	8,199602	8,208017	0,000000	0,000000	0,000000	0,000000	0,000000	0,000000	0,000000	0,000000	0,000000	0,000000	0,000000	0,000000	0,000000
8,236423	0,034702	8,211886	8,260961	0,000000	0,000000	0,000000	0,000000	0,000000	0,000000	0,000000	0,000000	0,000000	0,000000	0,000000	0,000000	0,000000	0,000000
8,267900	0,074864	8,201172	8,241360	8,254089	8,374979	0,000000	0,000000	0,000000	0,000000	0,000000	0,000000	0,000000	0,000000	0,000000	0,000000	0,000000	0,000000
8,271477	0,034547	8,247048	8,295905	0,000000	0,000000	0,000000	0,000000	0,000000	0,000000	0,000000	0,000000	0,000000	0,000000	0,000000	0,000000	0,000000	0,000000
8,226010	0,024976	8,208349	8,243670	0,000000	0,000000	0,000000	0,000000	0,000000	0,000000	0,000000	0,000000	0,000000	0,000000	0,000000	0,000000	0,000000	0,000000
8,224031	0,052836	8,167851	8,175665	8,187050	8,194290	8,201312	8,206662	8,213686	8,223051	8,235081	8,252000	8,269687	8,362039	0,000000	0,000000	0,000000	0,000000
8,221271	0,031661	8,180371	8,193559	8,212253	8,231662	8,247100	8,262682	0,000000	0,000000	0,000000	0,000000	0,000000	0,000000	0,000000	0,000000	0,000000	0,000000
8,247312	0,048106	8,184906	8,199965	8,205685	8,217948	8,233661	8,241424	8,255242	8,263832	8,274269	8,289773	8,353727	0,000000	0,000000	0,000000	0,000000	0,000000
8,275297	0,083271	8,180332	8,188472	8,196434	8,208572	8,220863	8,244870	8,251961	8,270282	8,293180	8,334588	8,347694	8,413733	8,427875	0,000000	0,000000	0,000000
8,259107	0,061569	8,180708	8,191419	8,199970	8,219553	8,234499	8,249349	8,261300	8,298470	8,318258	8,333431	8,363221	0,000000	0,000000	0,000000	0,000000	0,000000
8,300194	0,108236	8,186662	8,196357	8,211635	8,222248	8,240819	8,251971	8,266775	8,311996	8,346212	8,380299	8,474121	8,513229	0,000000	0,000000	0,000000	0,000000
8,277859	0,049315	8,212932	8,220191	8,236539	8,252794	8,267945	8,289449	8,294880	8,308284	8,328011	8,367567	0,000000	0,000000	0,000000	0,000000	0,000000	0,000000
8,314061	0,145289	8,201790	8,211878	8,222012	8,242194	8,272778	8,513627	8,534148	0,000000	0,000000	0,000000	0,000000	0,000000	0,000000	0,000000	0,000000	0,000000
8,263001	0,046024	8,208619	8,228702	8,243593	8,261551	8,311497	8,324047	0,000000	0,000000	0,000000	0,000000	0,000000	0,000000	0,000000	0,000000	0,000000	0,000000
8,269186	0,050447	8,205212	8,228170	8,235963	8,242102	8,250097	8,256606	8,264487	8,308560	8,346672	8,353994	0,000000	0,000000	0,000000	0,000000	0,000000	0,000000
8,235750	0,026918	8,206715	8,240661	8,259873	0,000000	0,000000	0,000000	0,000000	0,000000	0,000000	0,000000	0,000000	0,000000	0,000000	0,000000	0,000000	0,000000
8,318813	0,085229	8,199189	8,238248	8,246895	8,262582	8,319947	8,371412	8,386783	8,411183	8,433078	0,000000	0,000000	0,000000	0,000000	0,000000	0,000000	0,000000
8,265586	0,056164	8,203103	8,210983	8,241074	8,250711	8,258414	8,273327	8,311058	8,376014	0,000000	0,000000	0,000000	0,000000	0,000000	0,000000	0,000000	0,000000
8,322784	0,116860	8,193061	8,210814	8,225135	8,238008	8,243042	8,248641	8,279065	8,319235	8,334346	8,413231	8,445379	8,509035	8,537198	0,000000	0,000000	0,000000
8,221620	0,026699	8,193652	8,209371	8,227627	8,255829	0,000000	0,000000	0,000000	0,000000	0,000000	0,000000	0,000000	0,000000	0,000000	0,000000	0,000000	0,000000
8,213430	0,019275	8,191956	8,204488	8,221190	8,236087	0,000000	0,000000	0,000000	0,000000	0,000000	0,000000	0,000000	0,000000	0,000000	0,000000	0,000000	0,000000
8,258070	0,015279	8,247266	8,268873	0,000000	0,000000	0,000000	0,000000	0,000000	0,000000	0,000000	0,000000	0,000000	0,000000	0,000000	0,000000	0,000000	0,000000
8,286989	0,065871	8,240411	8,333567	0,000000	0,000000	0,000000	0,000000	0,000000	0,000000	0,000000	0,000000	0,000000	0,000000	0,000000	0,000000	0,000000	0,000000
8,225457	0,009582	8,218681	8,232232	0,000000	0,000000	0,000000	0,000000	0,000000	0,000000	0,000000	0,000000	0,000000	0,000000	0,000000	0,000000	0,000000	0,000000
8,260516	0,049755	8,209210	8,227350	8,239376	8,304769	8,321874	0,000000	0,000000	0,000000	0,000000	0,000000	0,000000	0,000000	0,000000	0,000000	0,000000	0,000000
8,240887	0,010299	8,233605	8,248170	0,000000	0,000000	0,000000	0,000000	0,000000	0,000000	0,000000	0,000000	0,000000	0,000000	0,000000	0,000000	0,000000	0,000000
8,254273	NaN	8,254273	0,000000	0,000000	0,000000	0,000000	0,000000	0,000000	0,000000	0,000000	0,000000	0,000000	0,000000	0,000000	0,000000	0,000000	0,000000
8,238980	0,043815	8,202903	8,209535	8,244871	8,298612	0,000000	0,000000	0,000000	0,000000	0,000000	0,000000	0,000000	0,000000	0,000000	0,000000	0,000000	0,000000
8,261413	0,043438	8,211759	8,251170	8,265905	8,316820	0,000000	0,000000	0,000000	0,000000	0,000000	0,000000	0,000000	0,000000	0,000000	0,000000	0,000000	0,000000
8,235692	0,025617	8,202069	8,217285	8,242263	8,252126	8,264716	0,000000	0,000000	0,000000	0,000000	0,000000	0,000000	0,000000	0,000000	0,000000	0,000000	0,000000
8,198848	0,015037	8,188215	8,209481	0,000000	0,000000	0,000000	0,000000	0,000000	0,000000	0,000000	0,000000	0,000000	0,000000	0,000000	0,000000	0,000000	0,000000
8,244630	NaN	8,244630	0,000000	0,000000	0,000000	0,000000	0,000000	0,000000	0,000000	0,000000	0,000000	0,000000	0,000000	0,000000	0,000000	0,000000	0,000000
8,228790	0,031188	8,204509	8,217897	8,263963	0,000000	0,000000	0,000000	0,000000	0,000000	0,000000	0,000000	0,000000	0,000000	0,000000	0,000000	0,000000	0,000000
8,230774	0,021042	8,202450	8,219849	8,230650	8,244363	8,256558	0,000000	0,000000	0,000000	0,000000	0,000000	0,000000	0,000000	0,000000	0,000000	0,000000	0,000000
8,234508	0,020471	8,220033	8,248983	0,000000	0,000000	0,000000	0,000000	0,000000	0,000000	0,000000	0,000000	0,000000	0,000000	0,000000	0,000000	0,000000	0,000000
8,196815	0,025010	8,162788	8,171020	8,178362	8,191010	8,202270	8,215885	8,223919	8,229266	0,000000	0,000000	0,000000	0,000000	0,000000	0,000000	0,000000	0,000000
8,254277	0,062574	8,183608	8,190415	8,197117	8,206899	8,213110	8,220397	8,228634	8,232952	8,241564	8,252659	8,263315	8,314578	8,338718	8,346316	8,383868	0,000000
8,242877	0,052756	8,185020	8,191791	8,203399	8,211947	8,229989	8,239225	8,251765	8,259618	8,300222	8,355791	0,000000	0,000000	0,000000	0,000000	0,000000	0,000000
8,238992	0,025700	8,205097	8,211657	8,230158	8,238301	8,251398	8,260042	8,276291	0,000000	0,000000	0,000000	0,000000	0,000000	0,000000	0,000000	0,000000	0,000000
8,285287	0,073770	8,193244	8,220036	8,251733	8,267912	8,317166	8,342392	8,404522	0,000000	0,000000	0,000000	0,000000	0,000000	0,000000	0,000000	0,000000	0,000000
8,261740	0,059192	8,175889	8,197563	8,233384	8,242884	8,252062	8,265607	8,306948	8,321019	8,360300	0,000000	0,000000	0,000000	0,000000	0,000000	0,000000	0,000000
8,237311	0,030803	8,201917	8,212533	8,222328	8,230607	8,236562	8,270119	8,287109	0,000000	0,000000	0,000000	0,000000	0,000000	0,000000	0,000000	0,000000	0,000000
8,273791	0,066604	8,189525	8,197760	8,223483	8,237376	8,243962	8,277241	8,294251	8,342081	8,357323	8,374911	0,000000	0,000000	0,000000	0,000000	0,000000	0,000000
8,249025	0,024729	8,223844	8,230166	8,244450	8,262073	8,284594	0,000000	0,000000	0,000000	0,000000	0,000000	0,000000	0,000000	0,000000	0,000000	0,000000	0,000000
8,245277	0,040282	8,205566	8,213400	8,237955	8,242870	8,253113	8,318757	0,000000	0,000000	0,000000	0,000000	0,000000	0,000000	0,000000	0,000000	0,000000	0,000000
8,249433	0,059234	8,198655	8,218001	8,230277	8,250296	8,349934	0,000000	0,000000	0,000000	0,000000	0,000000	0,000000	0,000000	0,000000	0,000000	0,000000	0,000000
8,222891	0,017289	8,210666	8,235116	0,000000	0,000000	0,000000	0,000000	0,000000	0,000000	0,000000	0,000000	0,000000	0,000000	0,000000	0,000000	0,000000	0,000000
8,267904	0,063025	8,195577	8,226287	8,275063	8,281463	8,361127	0,000000	0,000000	0,000000	0,000000	0,000000	0,000000	0,000000	0,000000	0,000000	0,000000	0,000000
8,236887	0,030102	8,197556	8,203879	8,229787	8,236900	8,244196	8,266016	8,279877	0,000000	0,000000	0,000000	0,000000	0,000000	0,000000	0,000000	0,000000	0,000000
8,242900	0,044574	8,213352	8,221177	8,294171	0,000000	0,000000	0,000000	0,000000	0,000000	0,000000	0,000000	0,000000	0,000000	0,000000	0,000000	0,000000	0,000000
8,244487	0,027512	8,212374	8,227260	8,242934	8,255747	8,284117	0,000000	0,000000	0,000000	0,000000	0,000000	0,000000	0,000000	0,000000	0,000000	0,000000	0,000000
8,253469	0,036640	8,217463	8,234322	8,243922	8,258225	8,313413	0,000000	0,000000	0,000000	0,000000	0,000000	0,000000	0,000000	0,000000	0,000000	0,000000	0,000000
8,234263	0,034856	8,201785	8,211284	8,245801	8,278181	0,000000	0,000000	0,000000	0,000000	0,000000	0,000000	0,000000	0,000000	0,000000	0,000000	0,000000	0,000000
8,230651	0,004302	8,227609	8,233693	0,000000	0,000000	0,000000	0,000000	0,000000	0,000000	0,000000	0,000000	0,000000	0,000000	0,000000	0,000000	0,000000	0,000000
8,240883	0,022963	8,224646	8,257121	0,000000	0,000000	0,000000	0,000000	0,000000	0,000000	0,000000	0,000000	0,000000	0,000000	0,000000	0,000000	0,000000	0,000000
8,232508	0,055020	8,193603	8,271413	0,000000	0,000000	0,000000	0,000000	0,000000	0,000000	0,000000	0,000000	0,000000	0,000000	0,000000	0,000000	0,000000	0,000000
8,289722	0,108060	8,209386	8,222401	8,243868	8,248706	8,256239	8,266850	8,285215	8,308278	8,566555	0,000000	0,000000	0,000000	0,000000	0,000000	0,000000	0,000000
NaN	-0,000000	0,000000	0,000000	0,000000	0,000000	0,000000	0,000000	0,000000	0,000000	0,000000	0,000000	0,000000	0,000000	0,000000	0,000000	0,000000	0,000000
NaN	-0,000000	0,000000	0,000000	0,000000	0,000000	0,000000	0,000000	0,000000	0,000000	0,000000	0,000000	0,000000	0,000000	0,000000	0,000000	0,000000	0,000000
8,260996	0,034953	8,231318	8,252147	8,299523	0,000000	0,000000	0,000000	0,000000	0,000000	0,000000	0,000000	0,000000	0,000000	0,000000	0,000000	0,000000	0,000000
8,267415	0,091130	8,211918	8,220031	8,234307	8,403403	0,000000	0,000000	0,000000	0,000000	0,000000	0,000000	0,000000	0,000000	0,000000	0,000000	0,000000	0,000000
8,245976	NaN	8,245976	0,000000	0,000000	0,000000	0,000000	0,000000	0,000000	0,000000	0,000000	0,000000	0,000000	0,000000	0,000000	0,000000	0,000000	0,000000
8,346325	0,091716	8,252417	8,284289	8,409996	8,438598	0,000000	0,000000	0,000000	0,000000	0,000000	0,000000	0,000000	0,000000	0,000000	0,000000	0,000000	0,000000
8,271063	0,048962	8,234153	8,252430	8,326606	0,000000	0,000000	0,000000	0,000000	0,000000	0,000000	0,000000	0,000000	0,000000	0,000000	0,000000	0,000000	0,000000
8,248408	NaN	8,248408	0,000000	0,000000	0,000000	0,000000	0,000000	0,000000	0,000000	0,000000	0,000000	0,000000	0,000000	0,000000	0,000000	0,000000	0,000000
8,202992	0,048998	8,152363	8,159314	8,164577	8,171297	8,178120	8,191885	8,206503	8,217462	8,231110	8,238918	8,321361	0,000000	0,000000	0,000000	0,000000	0,000000
8,234781	0,035686	8,182813	8,201570	8,208861	8,226296	8,244457	8,259912	8,272277	8,282064	0,000000	0,000000	0,000000	0,000000	0,000000	0,000000	0,000000	0,000000
8,237990	0,043378	8,183200	8,187696	8,198725	8,203915	8,213926	8,232426	8,243209	8,248167	8,258665	8,267096	8,298416	8,320435	0,000000	0,000000	0,000000	0,000000
8,261342	0,057035	8,207005	8,222058	8,229324	8,246560	8,313293	8,349811	0,000000	0,000000	0,000000	0,000000	0,000000	0,000000	0,000000	0,000000	0,000000	0,000000
8,218948	0,023405	8,183550	8,192490	8,210471	8,218706	8,224530	8,229781	8,236172	8,255886	0,000000	0,000000	0,000000	0,000000	0,000000	0,000000	0,000000	0,000000
8,283757	0,073709	8,210789	8,224271	8,233480	8,249225	8,290592	8,298399	8,326778	8,436519	0,000000	0,000000	0,000000	0,000000	0,000000	0,000000	0,000000	0,000000
8,253634	0,049651	8,186226	8,222097	8,232605	8,242334	8,255776	8,263351	8,269073	8,357607	0,000000	0,000000	0,000000	0,000000	0,000000	0,000000	0,000000	0,000000
8,308480	0,092510	8,198258	8,212521	8,230991	8,248407	8,270582	8,310993	8,357798	8,383713	8,390420	8,481117	0,000000	0,000000	0,000000	0,000000	0,000000	0,000000
8,216754	0,015101	8,204932	8,211563	8,233766	0,000000	0,000000	0,000000	0,000000	0,000000	0,000000	0,000000	0,000000	0,000000	0,000000	0,000000	0,000000	0,000000
8,234977	0,037494	8,196421	8,201626	8,224749	8,237719	8,250528	8,298822	0,000000	0,000000	0,000000	0,000000	0,000000	0,000000	0,000000	0,000000	0,000000	0,000000
8,338037	0,117144	8,213163	8,235909	8,282805	8,339976	8,466950	8,489420	0,000000	0,000000	0,000000	0,000000	0,000000	0,000000	0,000000	0,000000	0,000000	0,000000
8,263558	0,047167	8,194798	8,247777	8,264100	8,291528	8,319588	0,000000	0,000000	0,000000	0,000000	0,000000	0,000000	0,000000	0,000000	0,000000	0,000000	0,000000
8,255700	0,061662	8,198891	8,205757	8,222160	8,235582	8,249546	8,310235	8,367728	0,000000	0,000000	0,000000	0,000000	0,000000	0,000000	0,000000	0,000000	0,000000
8,212789	0,028443	8,186470	8,192868	8,224321	8,247495	0,000000	0,000000	0,000000	0,000000	0,000000	0,000000	0,000000	0,000000	0,000000	0,000000	0,000000	0,000000
8,249240	0,027228	8,217170	8,231711	8,237001	8,247960	8,270130	8,291467	0,000000	0,000000	0,000000	0,000000	0,000000	0,000000	0,000000	0,000000	0,000000	0,000000
8,230871	0,018312	8,210463	8,236282	8,245868	0,000000	0,000000	0,000000	0,000000	0,000000	0,000000	0,000000	0,000000	0,000000	0,000000	0,000000	0,000000	0,000000
8,263149	0,080711	8,197372	8,224682	8,234489	8,256810	8,402395	0,000000	0,000000	0,000000	0,000000	0,000000	0,000000	0,000000	0,000000	0,000000	0,000000	0,000000
8,249142	0,011285	8,233760	8,248524	8,254217	8,260066	0,000000	0,000000	0,000000	0,000000	0,000000	0,000000	0,000000	0,000000	0,000000	0,000000	0,000000	0,000000
8,285036	0,061662	8,210704	8,241089	8,257119	8,270484	8,301458	8,314301	8,400098	0,000000	0,000000	0,000000	0,000000	0,000000	0,000000	0,000000	0,000000	0,000000
8,236923	0,011244	8,228972	8,244874	0,000000	0,000000	0,000000	0,000000	0,000000	0,000000	0,000000	0,000000	0,000000	0,000000	0,000000	0,000000	0,000000	0,000000
8,221458	0,018370	8,202367	8,209564	8,233321	8,240581	0,000000	0,000000	0,000000	0,000000	0,000000	0,000000	0,000000	0,000000	0,000000	0,000000	0,000000	0,000000
8,207861	NaN	8,207861	0,000000	0,000000	0,000000	0,000000	0,000000	0,000000	0,000000	0,000000	0,000000	0,000000	0,000000	0,000000	0,000000	0,000000	0,000000
8,460164	0,012572	8,451274	8,469054	0,000000	0,000000	0,000000	0,000000	0,000000	0,000000	0,000000	0,000000	0,000000	0,000000	0,000000	0,000000	0,000000	0,000000
8,248314	0,020438	8,233862	8,262766	0,000000	0,000000	0,000000	0,000000	0,000000	0,000000	0,000000	0,000000	0,000000	0,000000	0,000000	0,000000	0,000000	0,000000
8,280221	0,065440	8,228998	8,257724	8,353942	0,000000	0,000000	0,000000	0,000000	0,000000	0,000000	0,000000	0,000000	0,000000	0,000000	0,000000	0,000000	0,000000
8,246100	0,029337	8,206313	8,245169	8,257266	8,275654	0,000000	0,000000	0,000000	0,000000	0,000000	0,000000	0,000000	0,000000	0,000000	0,000000	0,000000	0,000000
8,205565	0,012376	8,196814	8,214317	0,000000	0,000000	0,000000	0,000000	0,000000	0,000000	0,000000	0,000000	0,000000	0,000000	0,000000	0,000000	0,000000	0,000000
8,294216	NaN	8,294216	0,000000	0,000000	0,000000	0,000000	0,000000	0,000000	0,000000	0,000000	0,000000	0,000000	0,000000	0,000000	0,000000	0,000000	0,000000
8,289890	0,023656	8,273163	8,306618	0,000000	0,000000	0,000000	0,000000	0,000000	0,000000	0,000000	0,000000	0,000000	0,000000	0,000000	0,000000	0,000000	0,000000
8,217586	0,024226	8,200456	8,234716	0,000000	0,000000	0,000000	0,000000	0,000000	0,000000	0,000000	0,000000	0,000000	0,000000	0,000000	0,000000	0,000000	0,000000
8,265671	0,100231	8,166714	8,181320	8,191460	8,197312	8,206451	8,216879	8,225321	8,236649	8,248968	8,264690	8,271404	8,319719	8,339079	8,356100	8,562994	0,000000
8,237534	0,068567	8,171938	8,180466	8,186918	8,193827	8,206202	8,213987	8,220747	8,233608	8,253551	8,264359	8,309050	8,415748	0,000000	0,000000	0,000000	0,000000
8,257023	0,084986	8,178493	8,188187	8,200701	8,214780	8,232065	8,239998	8,263062	8,373027	8,422891	0,000000	0,000000	0,000000	0,000000	0,000000	0,000000	0,000000
8,242832	0,056661	8,179834	8,185757	8,193253	8,201616	8,216026	8,228365	8,236981	8,251614	8,258453	8,267646	8,336316	8,358129	0,000000	0,000000	0,000000	0,000000
8,227914	0,035909	8,185847	8,194199	8,201130	8,209120	8,216026	8,230760	8,236473	8,241461	8,256001	8,308121	0,000000	0,000000	0,000000	0,000000	0,000000	0,000000
8,285079	0,066027	8,197111	8,218938	8,225618	8,232447	8,248760	8,290381	8,304460	8,317510	8,333029	8,366363	8,401253	0,000000	0,000000	0,000000	0,000000	0,000000
8,281192	0,088277	8,201046	8,208547	8,218057	8,224110	8,231356	8,244380	8,251880	8,268147	8,277897	8,371693	8,393036	8,484162	0,000000	0,000000	0,000000	0,000000
8,310068	0,141050	8,195673	8,219878	8,234467	8,245148	8,257092	8,271760	8,462598	8,593927	0,000000	0,000000	0,000000	0,000000	0,000000	0,000000	0,000000	0,000000
8,229227	0,030860	8,194753	8,208904	8,221149	8,225277	8,242067	8,283212	0,000000	0,000000	0,000000	0,000000	0,000000	0,000000	0,000000	0,000000	0,000000	0,000000
8,243476	0,018839	8,228389	8,237448	8,264592	0,000000	0,000000	0,000000	0,000000	0,000000	0,000000	0,000000	0,000000	0,000000	0,000000	0,000000	0,000000	0,000000
8,282634	0,111399	8,199583	8,234077	8,250168	8,446707	0,000000	0,000000	0,000000	0,000000	0,000000	0,000000	0,000000	0,000000	0,000000	0,000000	0,000000	0,000000
8,264479	0,058059	8,195897	8,203109	8,226622	8,251188	8,264173	8,289648	8,324184	8,361009	0,000000	0,000000	0,000000	0,000000	0,000000	0,000000	0,000000	0,000000
8,256683	0,053989	8,211360	8,217186	8,227552	8,237823	8,301453	8,344723	0,000000	0,000000	0,000000	0,000000	0,000000	0,000000	0,000000	0,000000	0,000000	0,000000
8,253841	0,058271	8,209948	8,230310	8,235434	8,339674	0,000000	0,000000	0,000000	0,000000	0,000000	0,000000	0,000000	0,000000	0,000000	0,000000	0,000000	0,000000
8,247417	0,041004	8,197427	8,214858	8,225637	8,239583	8,257806	8,279515	8,317094	0,000000	0,000000	0,000000	0,000000	0,000000	0,000000	0,000000	0,000000	0,000000
8,243366	0,034900	8,193200	8,220698	8,226200	8,240332	8,254829	8,268105	8,300202	0,000000	0,000000	0,000000	0,000000	0,000000	0,000000	0,000000	0,000000	0,000000
NaN	-0,000000	0,000000	0,000000	0,000000	0,000000	0,000000	0,000000	0,000000	0,000000	0,000000	0,000000	0,000000	0,000000	0,000000	0,000000	0,000000	0,000000
8,247958	0,022674	8,220486	8,239760	8,259301	8,272285	0,000000	0,000000	0,000000	0,000000	0,000000	0,000000	0,000000	0,000000	0,000000	0,000000	0,000000	0,000000
8,239485	0,033353	8,201650	8,252172	8,264632	0,000000	0,000000	0,000000	0,000000	0,000000	0,000000	0,000000	0,000000	0,000000	0,000000	0,000000	0,000000	0,000000
8,235147	0,019392	8,218060	8,231157	8,256224	0,000000	0,000000	0,000000	0,000000	0,000000	0,000000	0,000000	0,000000	0,000000	0,000000	0,000000	0,000000	0,000000
8,239528	0,026132	8,211766	8,243171	8,263647	0,000000	0,000000	0,000000	0,000000	0,000000	0,000000	0,000000	0,000000	0,000000	0,000000	0,000000	0,000000	0,000000
8,203447	NaN	8,203447	0,000000	0,000000	0,000000	0,000000	0,000000	0,000000	0,000000	0,000000	0,000000	0,000000	0,000000	0,000000	0,000000	0,000000	0,000000
NaN	-0,000000	0,000000	0,000000	0,000000	0,000000	0,000000	0,000000	0,000000	0,000000	0,000000	0,000000	0,000000	0,000000	0,000000	0,000000	0,000000	0,000000
8,246489	0,047143	8,213153	8,279824	0,000000	0,000000	0,000000	0,000000	0,000000	0,000000	0,000000	0,000000	0,000000	0,000000	0,000000	0,000000	0,000000	0,000000
8,231545	0,031060	8,198722	8,213581	8,246828	8,267049	0,000000	0,000000	0,000000	0,000000	0,000000	0,000000	0,000000	0,000000	0,000000	0,000000	0,000000	0,000000
8,221795	0,031504	8,195812	8,205056	8,219600	8,266711	0,000000	0,000000	0,000000	0,000000	0,000000	0,000000	0,000000	0,000000	0,000000	0,000000	0,000000	0,000000
8,239474	0,012408	8,230700	8,248248	0,000000	0,000000	0,000000	0,000000	0,000000	0,000000	0,000000	0,000000	0,000000	0,000000	0,000000	0,000000	0,000000	0,000000
8,240238	0,012919	8,231103	8,249374	0,000000	0,000000	0,000000	0,000000	0,000000	0,000000	0,000000	0,000000	0,000000	0,000000	0,000000	0,000000	0,000000	0,000000
8,294837	0,031821	8,272336	8,317337	0,000000	0,000000	0,000000	0,000000	0,000000	0,000000	0,000000	0,000000	0,000000	0,000000	0,000000	0,000000	0,000000	0,000000
8,261554	NaN	8,261554	0,000000	0,000000	0,000000	0,000000	0,000000	0,000000	0,000000	0,000000	0,000000	0,000000	0,000000	0,000000	0,000000	0,000000	0,000000
8,219535	0,048987	8,158991	8,168373	8,178279	8,191983	8,207248	8,217203	8,230303	8,262829	8,270629	8,309512	0,000000	0,000000	0,000000	0,000000	0,000000	0,000000
8,251765	0,054735	8,174819	8,180686	8,193316	8,207468	8,221209	8,226955	8,232900	8,239138	8,249656	8,256664	8,268622	8,280252	8,286759	8,300396	8,337115	8,372281
8,244731	0,073784	8,185665	8,198314	8,204299	8,214236	8,221718	8,228227	8,241050	8,249459	8,260346	8,443998	0,000000	0,000000	0,000000	0,000000	0,000000	0,000000
8,228325	0,034037	8,180267	8,187370	8,196968	8,204200	8,212222	8,222814	8,227351	8,237377	8,249715	8,266204	8,272709	8,282698	0,000000	0,000000	0,000000	0,000000
8,230577	0,031247	8,184812	8,203778	8,214878	8,223953	8,229472	8,244710	8,262010	8,281000	0,000000	0,000000	0,000000	0,000000	0,000000	0,000000	0,000000	0,000000
8,238950	0,033373	8,195991	8,204530	8,212422	8,240019	8,245247	8,254334	8,263852	8,295208	0,000000	0,000000	0,000000	0,000000	0,000000	0,000000	0,000000	0,000000
8,256747	0,042578	8,207656	8,214270	8,227775	8,242324	8,253528	8,280051	8,302427	8,325948	0,000000	0,000000	0,000000	0,000000	0,000000	0,000000	0,000000	0,000000
8,272208	0,096672	8,184235	8,203879	8,209816	8,215798	8,224510	8,246496	8,258524	8,265534	8,273253	8,416421	8,495825	0,000000	0,000000	0,000000	0,000000	0,000000
8,245570	0,042709	8,196504	8,207326	8,221498	8,230348	8,238100	8,255783	8,296184	8,318816	0,000000	0,000000	0,000000	0,000000	0,000000	0,000000	0,000000	0,000000
8,303767	0,062797	8,238677	8,252635	8,290458	8,355178	8,381884	0,000000	0,000000	0,000000	0,000000	0,000000	0,000000	0,000000	0,000000	0,000000	0,000000	0,000000
8,250911	0,038730	8,207254	8,214296	8,223406	8,229806	8,238595	8,256200	8,273725	8,292358	8,322561	0,000000	0,000000	0,000000	0,000000	0,000000	0,000000	0,000000
8,245220	0,036875	8,194484	8,205899	8,217802	8,242101	8,249405	8,277233	8,283384	8,291454	0,000000	0,000000	0,000000	0,000000	0,000000	0,000000	0,000000	0,000000
8,247685	0,022125	8,221914	8,227586	8,254961	8,260195	8,273770	0,000000	0,000000	0,000000	0,000000	0,000000	0,000000	0,000000	0,000000	0,000000	0,000000	0,000000
8,243175	0,045519	8,211734	8,222418	8,295373	0,000000	0,000000	0,000000	0,000000	0,000000	0,000000	0,000000	0,000000	0,000000	0,000000	0,000000	0,000000	0,000000
8,239816	0,051354	8,194811	8,201277	8,211591	8,228149	8,244972	8,252276	8,345638	0,000000	0,000000	0,000000	0,000000	0,000000	0,000000	0,000000	0,000000	0,000000
8,286885	0,092079	8,198133	8,213218	8,220465	8,228296	8,350251	8,381502	8,416328	0,000000	0,000000	0,000000	0,000000	0,000000	0,000000	0,000000	0,000000	0,000000
8,246977	0,016434	8,235356	8,258598	0,000000	0,000000	0,000000	0,000000	0,000000	0,000000	0,000000	0,000000	0,000000	0,000000	0,000000	0,000000	0,000000	0,000000
8,272939	0,053124	8,218961	8,224072	8,230403	8,250313	8,279806	8,287258	8,322878	8,369821	0,000000	0,000000	0,000000	0,000000	0,000000	0,000000	0,000000	0,000000
8,317876	0,024883	8,300281	8,335470	0,000000	0,000000	0,000000	0,000000	0,000000	0,000000	0,000000	0,000000	0,000000	0,000000	0,000000	0,000000	0,000000	0,000000
8,246525	0,008643	8,240414	8,252637	0,000000	0,000000	0,000000	0,000000	0,000000	0,000000	0,000000	0,000000	0,000000	0,000000	0,000000	0,000000	0,000000	0,000000
8,334464	0,106396	8,259231	8,409697	0,000000	0,000000	0,000000	0,000000	0,000000	0,000000	0,000000	0,000000	0,000000	0,000000	0,000000	0,000000	0,000000	0,000000
NaN	-0,000000	0,000000	0,000000	0,000000	0,000000	0,000000	0,000000	0,000000	0,000000	0,000000	0,000000	0,000000	0,000000	0,000000	0,000000	0,000000	0,000000
8,260031	0,022072	8,233412	8,254382	8,266154	8,286175	0,000000	0,000000	0,000000	0,000000	0,000000	0,000000	0,000000	0,000000	0,000000	0,000000	0,000000	0,000000
8,225274	0,029235	8,181603	8,204192	8,211156	8,223692	8,237296	8,252815	8,266160	0,000000	0,000000	0,000000	0,000000	0,000000	0,000000	0,000000	0,000000	0,000000
8,230639	0,023120	8,195528	8,215810	8,222453	8,230052	8,235823	8,246737	8,268072	0,000000	0,000000	0,000000	0,000000	0,000000	0,000000	0,000000	0,000000	0,000000
8,236326	0,024045	8,219323	8,253328	0,000000	0,000000	0,000000	0,000000	0,000000	0,000000	0,000000	0,000000	0,000000	0,000000	0,000000	0,000000	0,000000	0,000000
8,275286	0,058117	8,223360	8,231484	8,301517	8,344783	0,000000	0,000000	0,000000	0,000000	0,000000	0,000000	0,000000	0,000000	0,000000	0,000000	0,000000	0,000000
8,206381	NaN	8,206381	0,000000	0,000000	0,000000	0,000000	0,000000	0,000000	0,000000	0,000000	0,000000	0,000000	0,000000	0,000000	0,000000	0,000000	0,000000
8,244958	0,047844	8,194666	8,250302	8,289906	0,000000	0,000000	0,000000	0,000000	0,000000	0,000000	0,000000	0,000000	0,000000	0,000000	0,000000	0,000000	0,000000
NaN	-0,000000	0,000000	0,000000	0,000000	0,000000	0,000000	0,000000	0,000000	0,000000	0,000000	0,000000	0,000000	0,000000	0,000000	0,000000	0,000000	0,000000
8,257000	0,098331	8,165932	8,177724	8,183019	8,187979	8,197248	8,208162	8,216072	8,223514	8,228521	8,251291	8,265130	8,296204	8,325829	8,397990	8,530381	0,000000
8,277852	0,087777	8,184668	8,199823	8,214503	8,220559	8,237467	8,251335	8,263796	8,278171	8,294833	8,334649	8,349668	8,504750	0,000000	0,000000	0,000000	0,000000
8,256477	0,063925	8,171802	8,184925	8,200050	8,207179	8,223671	8,234079	8,248106	8,255759	8,270291	8,290647	8,314095	8,351529	8,382064	0,000000	0,000000	0,000000
8,224995	0,031656	8,181770	8,193976	8,213393	8,224198	8,237660	8,253323	8,270646	0,000000	0,000000	0,000000	0,000000	0,000000	0,000000	0,000000	0,000000	0,000000
8,258964	0,074418	8,187404	8,196968	8,203965	8,216148	8,225828	8,234238	8,249538	8,257605	8,295981	8,346850	8,434075	0,000000	0,000000	0,000000	0,000000	0,000000
8,261669	0,046809	8,195014	8,204132	8,220805	8,234366	8,265096	8,273019	8,287505	8,295507	8,302633	8,338611	0,000000	0,000000	0,000000	0,000000	0,000000	0,000000
8,245903	0,032025	8,198209	8,213792	8,227170	8,237588	8,257114	8,265699	8,278392	8,289262	0,000000	0,000000	0,000000	0,000000	0,000000	0,000000	0,000000	0,000000
8,302496	0,120418	8,210565	8,219397	8,244467	8,251717	8,262626	8,287179	8,308956	8,331782	8,605775	0,000000	0,000000	0,000000	0,000000	0,000000	0,000000	0,000000
8,248291	0,033063	8,195564	8,216550	8,226646	8,234387	8,250551	8,257932	8,271011	8,286753	8,295223	0,000000	0,000000	0,000000	0,000000	0,000000	0,000000	0,000000
8,274204	0,045429	8,207106	8,227622	8,254559	8,273058	8,281870	8,292194	8,305316	8,351902	0,000000	0,000000	0,000000	0,000000	0,000000	0,000000	0,000000	0,000000
8,312523	0,142151	8,197922	8,204834	8,221764	8,233666	8,240086	8,245764	8,294393	8,309577	8,352948	8,467757	8,669046	0,000000	0,000000	0,000000	0,000000	0,000000
8,239757	0,036172	8,192297	8,205772	8,220366	8,233996	8,242322	8,253951	8,261235	8,308115	0,000000	0,000000	0,000000	0,000000	0,000000	0,000000	0,000000	0,000000
8,273893	0,074923	8,193798	8,223508	8,239231	8,254057	8,285239	8,297746	8,423674	0,000000	0,000000	0,000000	0,000000	0,000000	0,000000	0,000000	0,000000	0,000000
8,245229	0,063930	8,200024	8,290434	0,000000	0,000000	0,000000	0,000000	0,000000	0,000000	0,000000	0,000000	0,000000	0,000000	0,000000	0,000000	0,000000	0,000000
8,290494	0,045338	8,243536	8,293931	8,334016	0,000000	0,000000	0,000000	0,000000	0,000000	0,000000	0,000000	0,000000	0,000000	0,000000	0,000000	0,000000	0,000000
8,255089	0,049193	8,220304	8,289873	0,000000	0,000000	0,000000	0,000000	0,000000	0,000000	0,000000	0,000000	0,000000	0,000000	0,000000	0,000000	0,000000	0,000000
8,242905	0,034493	8,207778	8,232524	8,241247	8,290073	0,000000	0,000000	0,000000	0,000000	0,000000	0,000000	0,000000	0,000000	0,000000	0,000000	0,000000	0,000000
8,409750	NaN	8,409750	0,000000	0,000000	0,000000	0,000000	0,000000	0,000000	0,000000	0,000000	0,000000	0,000000	0,000000	0,000000	0,000000	0,000000	0,000000
8,247684	0,023626	8,219204	8,244051	8,250803	8,276676	0,000000	0,000000	0,000000	0,000000	0,000000	0,000000	0,000000	0,000000	0,000000	0,000000	0,000000	0,000000
8,318084	0,029147	8,297474	8,338694	0,000000	0,000000	0,000000	0,000000	0,000000	0,000000	0,000000	0,000000	0,000000	0,000000	0,000000	0,000000	0,000000	0,000000
8,226112	0,004929	8,222627	8,229597	0,000000	0,000000	0,000000	0,000000	0,000000	0,000000	0,000000	0,000000	0,000000	0,000000	0,000000	0,000000	0,000000	0,000000
8,222743	0,015316	8,211913	8,233573	0,000000	0,000000	0,000000	0,000000	0,000000	0,000000	0,000000	0,000000	0,000000	0,000000	0,000000	0,000000	0,000000	0,000000
8,237252	0,013384	8,220564	8,233396	8,243466	8,251583	0,000000	0,000000	0,000000	0,000000	0,000000	0,000000	0,000000	0,000000	0,000000	0,000000	0,000000	0,000000
8,261233	0,029440	8,240416	8,282050	0,000000	0,000000	0,000000	0,000000	0,000000	0,000000	0,000000	0,000000	0,000000	0,000000	0,000000	0,000000	0,000000	0,000000
8,241232	NaN	8,241232	0,000000	0,000000	0,000000	0,000000	0,000000	0,000000	0,000000	0,000000	0,000000	0,000000	0,000000	0,000000	0,000000	0,000000	0,000000
8,207988	0,030484	8,186432	8,229543	0,000000	0,000000	0,000000	0,000000	0,000000	0,000000	0,000000	0,000000	0,000000	0,000000	0,000000	0,000000	0,000000	0,000000
8,195043	NaN	8,195043	0,000000	0,000000	0,000000	0,000000	0,000000	0,000000	0,000000	0,000000	0,000000	0,000000	0,000000	0,000000	0,000000	0,000000	0,000000
8,241443	0,036978	8,215296	8,267591	0,000000	0,000000	0,000000	0,000000	0,000000	0,000000	0,000000	0,000000	0,000000	0,000000	0,000000	0,000000	0,000000	0,000000
8,251676	0,068049	8,203558	8,299795	0,000000	0,000000	0,000000	0,000000	0,000000	0,000000	0,000000	0,000000	0,000000	0,000000	0,000000	0,000000	0,000000	0,000000
8,238682	0,008631	8,232579	8,244786	0,000000	0,000000	0,000000	0,000000	0,000000	0,000000	0,000000	0,000000	0,000000	0,000000	0,000000	0,000000	0,000000	0,000000
8,210620	0,044442	8,165313	8,173473	8,187546	8,209877	8,215905	8,223974	8,298249	0,000000	0,000000	0,000000	0,000000	0,000000	0,000000	0,000000	0,000000	0,000000
8,275604	0,114660	8,171265	8,186531	8,192470	8,199904	8,207861	8,224325	8,229634	8,234460	8,246001	8,253650	8,269072	8,286299	8,305677	8,328075	8,457674	8,616772
8,250109	0,089408	8,193540	8,201712	8,208525	8,225879	8,232453	8,239355	8,449298	0,000000	0,000000	0,000000	0,000000	0,000000	0,000000	0,000000	0,000000	0,000000
8,227477	0,034817	8,179385	8,191779	8,207188	8,214033	8,227561	8,234105	8,238251	8,264186	8,290807	0,000000	0,000000	0,000000	0,000000	0,000000	0,000000	0,000000
8,210053	0,029006	8,178899	8,184677	8,190086	8,205524	8,217513	8,235584	8,258085	0,000000	0,000000	0,000000	0,000000	0,000000	0,000000	0,000000	0,000000	0,000000
8,231543	0,039189	8,190057	8,204892	8,212747	8,225977	8,233729	8,242667	8,310731	0,000000	0,000000	0,000000	0,000000	0,000000	0,000000	0,000000	0,000000	0,000000
8,295612	0,139935	8,193027	8,201789	8,207179	8,216257	8,221505	8,255998	8,283994	8,291401	8,459774	8,625201	0,000000	0,000000	0,000000	0,000000	0,000000	0,000000
8,222893	0,023115	8,195629	8,207214	8,220306	8,238422	8,252895	0,000000	0,000000	0,000000	0,000000	0,000000	0,000000	0,000000	0,000000	0,000000	0,000000	0,000000
8,274574	0,059954	8,207209	8,221516	8,229672	8,275798	8,296089	8,317876	8,373863	0,000000	0,000000	0,000000	0,000000	0,000000	0,000000	0,000000	0,000000	0,000000
8,239783	0,033127	8,200705	8,207729	8,214932	8,237563	8,262004	8,274114	8,281434	0,000000	0,000000	0,000000	0,000000	0,000000	0,000000	0,000000	0,000000	0,000000
8,292201	0,150250	8,202677	8,213284	8,218390	8,241630	8,251288	8,267006	8,285851	8,657479	0,000000	0,000000	0,000000	0,000000	0,000000	0,000000	0,000000	0,000000
8,241497	0,034473	8,196408	8,202967	8,208897	8,225739	8,232680	8,243589	8,258074	8,269463	8,276425	8,300722	0,000000	0,000000	0,000000	0,000000	0,000000	0,000000
8,279076	0,054932	8,221307	8,243574	8,318450	8,332972	0,000000	0,000000	0,000000	0,000000	0,000000	0,000000	0,000000	0,000000	0,000000	0,000000	0,000000	0,000000
8,370748	0,095857	8,284230	8,316304	8,327222	8,402195	8,523788	0,000000	0,000000	0,000000	0,000000	0,000000	0,000000	0,000000	0,000000	0,000000	0,000000	0,000000
8,226697	NaN	8,226697	0,000000	0,000000	0,000000	0,000000	0,000000	0,000000	0,000000	0,000000	0,000000	0,000000	0,000000	0,000000	0,000000	0,000000	0,000000
8,203254	NaN	8,203254	0,000000	0,000000	0,000000	0,000000	0,000000	0,000000	0,000000	0,000000	0,000000	0,000000	0,000000	0,000000	0,000000	0,000000	0,000000
8,250505	0,038653	8,209273	8,229618	8,267138	8,295992	0,000000	0,000000	0,000000	0,000000	0,000000	0,000000	0,000000	0,000000	0,000000	0,000000	0,000000	0,000000
8,267928	0,042465	8,221860	8,241120	8,258517	8,287881	8,330262	0,000000	0,000000	0,000000	0,000000	0,000000	0,000000	0,000000	0,000000	0,000000	0,000000	0,000000
8,424826	0,298441	8,203498	8,222210	8,229334	8,265200	8,327731	8,348573	8,879220	8,922840	0,000000	0,000000	0,000000	0,000000	0,000000	0,000000	0,000000	0,000000
8,228271	NaN	8,228271	0,000000	0,000000	0,000000	0,000000	0,000000	0,000000	0,000000	0,000000	0,000000	0,000000	0,000000	0,000000	0,000000	0,000000	0,000000
8,325219	0,132004	8,229990	8,269763	8,475904	0,000000	0,000000	0,000000	0,000000	0,000000	0,000000	0,000000	0,000000	0,000000	0,000000	0,000000	0,000000	0,000000
8,220280	0,026484	8,201553	8,239007	0,000000	0,000000	0,000000	0,000000	0,000000	0,000000	0,000000	0,000000	0,000000	0,000000	0,000000	0,000000	0,000000	0,000000
8,239262	0,017043	8,222211	8,239279	8,256296	0,000000	0,000000	0,000000	0,000000	0,000000	0,000000	0,000000	0,000000	0,000000	0,000000	0,000000	0,000000	0,000000
8,490288	0,010945	8,482549	8,498027	0,000000	0,000000	0,000000	0,000000	0,000000	0,000000	0,000000	0,000000	0,000000	0,000000	0,000000	0,000000	0,000000	0,000000
8,234690	0,066706	8,187522	8,281858	0,000000	0,000000	0,000000	0,000000	0,000000	0,000000	0,000000	0,000000	0,000000	0,000000	0,000000	0,000000	0,000000	0,000000
8,251769	NaN	8,251769	0,000000	0,000000	0,000000	0,000000	0,000000	0,000000	0,000000	0,000000	0,000000	0,000000	0,000000	0,000000	0,000000	0,000000	0,000000
8,276279	0,097587	8,207275	8,345283	0,000000	0,000000	0,000000	0,000000	0,000000	0,000000	0,000000	0,000000	0,000000	0,000000	0,000000	0,000000	0,000000	0,000000
8,248607	0,043049	8,207083	8,226190	8,255192	8,305962	0,000000	0,000000	0,000000	0,000000	0,000000	0,000000	0,000000	0,000000	0,000000	0,000000	0,000000	0,000000
8,283488	0,073921	8,205264	8,293020	8,352181	0,000000	0,000000	0,000000	0,000000	0,000000	0,000000	0,000000	0,000000	0,000000	0,000000	0,000000	0,000000	0,000000
8,246325	0,041136	8,205796	8,245136	8,288043	0,000000	0,000000	0,000000	0,000000	0,000000	0,000000	0,000000	0,000000	0,000000	0,000000	0,000000	0,000000	0,000000
8,253568	0,104237	8,162706	8,165875	8,177947	8,185996	8,199395	8,210344	8,218221	8,225534	8,232401	8,240432	8,283078	8,287191	8,305471	8,326001	8,582935	0,000000
8,248767	0,108966	8,170214	8,181202	8,187357	8,194953	8,203753	8,210767	8,228577	8,248468	8,273802	8,278860	8,558481	0,000000	0,000000	0,000000	0,000000	0,000000
8,220364	0,046823	8,175661	8,183915	8,189300	8,194709	8,202246	8,218099	8,226097	8,234051	8,241871	8,337689	0,000000	0,000000	0,000000	0,000000	0,000000	0,000000
8,265956	0,085648	8,203058	8,211516	8,220128	8,238880	8,251243	8,260082	8,273595	8,469148	0,000000	0,000000	0,000000	0,000000	0,000000	0,000000	0,000000	0,000000
8,266514	0,090341	8,189415	8,194647	8,209960	8,223472	8,245697	8,287022	8,323312	8,458584	0,000000	0,000000	0,000000	0,000000	0,000000	0,000000	0,000000	0,000000
8,245774	0,056288	8,198150	8,210850	8,217553	8,223303	8,230703	8,238293	8,273820	8,373521	0,000000	0,000000	0,000000	0,000000	0,000000	0,000000	0,000000	0,000000
8,244584	0,040200	8,197849	8,213773	8,236758	8,246177	8,260263	8,312681	0,000000	0,000000	0,000000	0,000000	0,000000	0,000000	0,000000	0,000000	0,000000	0,000000
8,232260	0,026919	8,204186	8,214403	8,221325	8,255432	8,265951	0,000000	0,000000	0,000000	0,000000	0,000000	0,000000	0,000000	0,000000	0,000000	0,000000	0,000000
8,249139	0,034860	8,195809	8,230574	8,236676	8,247750	8,256657	8,267901	8,308608	0,000000	0,000000	0,000000	0,000000	0,000000	0,000000	0,000000	0,000000	0,000000
8,277396	0,084865	8,201119	8,237804	8,255975	8,270080	8,422000	0,000000	0,000000	0,000000	0,000000	0,000000	0,000000	0,000000	0,000000	0,000000	0,000000	0,000000
8,276444	0,061589	8,205227	8,240671	8,260684	8,315020	8,360616	0,000000	0,000000	0,000000	0,000000	0,000000	0,000000	0,000000	0,000000	0,000000	0,000000	0,000000
8,269595	0,037748	8,217487	8,231947	8,237478	8,246918	8,259118	8,273955	8,282801	8,298331	8,316675	8,331241	0,000000	0,000000	0,000000	0,000000	0,000000	0,000000
8,242686	0,058561	8,194792	8,204026	8,211118	8,240273	8,252495	8,353410	0,000000	0,000000	0,000000	0,000000	0,000000	0,000000	0,000000	0,000000	0,000000	0,000000
8,247416	0,047969	8,193806	8,262158	8,286283	0,000000	0,000000	0,000000	0,000000	0,000000	0,000000	0,000000	0,000000	0,000000	0,000000	0,000000	0,000000	0,000000
8,212823	0,025304	8,194930	8,230716	0,000000	0,000000	0,000000	0,000000	0,000000	0,000000	0,000000	0,000000	0,000000	0,000000	0,000000	0,000000	0,000000	0,000000
8,270999	0,086158	8,193027	8,205368	8,215433	8,222794	8,235672	8,247059	8,254950	8,267597	8,295420	8,350260	8,493405	0,000000	0,000000	0,000000	0,000000	0,000000
8,280011	0,078812	8,205116	8,244553	8,261595	8,276024	8,412765	0,000000	0,000000	0,000000	0,000000	0,000000	0,000000	0,000000	0,000000	0,000000	0,000000	0,000000
8,247621	NaN	8,247621	0,000000	0,000000	0,000000	0,000000	0,000000	0,000000	0,000000	0,000000	0,000000	0,000000	0,000000	0,000000	0,000000	0,000000	0,000000
8,270415	NaN	8,270415	0,000000	0,000000	0,000000	0,000000	0,000000	0,000000	0,000000	0,000000	0,000000	0,000000	0,000000	0,000000	0,000000	0,000000	0,000000
8,279503	0,060312	8,228004	8,241386	8,248880	8,264448	8,277131	8,288863	8,407809	0,000000	0,000000	0,000000	0,000000	0,000000	0,000000	0,000000	0,000000	0,000000
8,220916	0,034679	8,196394	8,245438	0,000000	0,000000	0,000000	0,000000	0,000000	0,000000	0,000000	0,000000	0,000000	0,000000	0,000000	0,000000	0,000000	0,000000
8,221953	0,021451	8,192994	8,221775	8,228862	8,244180	0,000000	0,000000	0,000000	0,000000	0,000000	0,000000	0,000000	0,000000	0,000000	0,000000	0,000000	0,000000
8,249252	NaN	8,249252	0,000000	0,000000	0,000000	0,000000	0,000000	0,000000	0,000000	0,000000	0,000000	0,000000	0,000000	0,000000	0,000000	0,000000	0,000000
8,340748	0,023446	8,324169	8,357327	0,000000	0,000000	0,000000	0,000000	0,000000	0,000000	0,000000	0,000000	0,000000	0,000000	0,000000	0,000000	0,000000	0,000000
8,252519	0,087039	8,188114	8,217903	8,351541	0,000000	0,000000	0,000000	0,000000	0,000000	0,000000	0,000000	0,000000	0,000000	0,000000	0,000000	0,000000	0,000000
8,253071	0,037233	8,201085	8,238100	8,252050	8,274671	8,299447	0,000000	0,000000	0,000000	0,000000	0,000000	0,000000	0,000000	0,000000	0,000000	0,000000	0,000000
8,228668	0,023926	8,201589	8,237465	8,246950	0,000000	0,000000	0,000000	0,000000	0,000000	0,000000	0,000000	0,000000	0,000000	0,000000	0,000000	0,000000	0,000000
8,263411	0,059332	8,221457	8,305365	0,000000	0,000000	0,000000	0,000000	0,000000	0,000000	0,000000	0,000000	0,000000	0,000000	0,000000	0,000000	0,000000	0,000000
8,196807	NaN	8,196807	0,000000	0,000000	0,000000	0,000000	0,000000	0,000000	0,000000	0,000000	0,000000	0,000000	0,000000	0,000000	0,000000	0,000000	0,000000
8,227351	NaN	8,227351	0,000000	0,000000	0,000000	0,000000	0,000000	0,000000	0,000000	0,000000	0,000000	0,000000	0,000000	0,000000	0,000000	0,000000	0,000000
8,215827	0,032423	8,179807	8,186538	8,190380	8,198995	8,205707	8,213266	8,220202	8,227167	8,250048	8,286164	0,000000	0,000000	0,000000	0,000000	0,000000	0,000000
8,235894	0,050975	8,182594	8,193094	8,202130	8,206849	8,217897	8,237407	8,248145	8,304278	8,330649	0,000000	0,000000	0,000000	0,000000	0,000000	0,000000	0,000000
8,227580	0,082259	8,173051	8,178793	8,187032	8,194480	8,202653	8,213186	8,225067	8,233856	8,440099	0,000000	0,000000	0,000000	0,000000	0,000000	0,000000	0,000000
8,223576	0,031017	8,180476	8,188206	8,214508	8,227185	8,243212	8,248099	8,263346	0,000000	0,000000	0,000000	0,000000	0,000000	0,000000	0,000000	0,000000	0,000000
8,302803	0,133019	8,186399	8,201162	8,209297	8,225120	8,230594	8,242757	8,257804	8,273848	8,460993	8,466763	8,576100	0,000000	0,000000	0,000000	0,000000	0,000000
8,248446	0,035760	8,202194	8,214082	8,224015	8,234413	8,247600	8,255222	8,263263	8,275075	8,320147	0,000000	0,000000	0,000000	0,000000	0,000000	0,000000	0,000000
8,242317	0,033660	8,189995	8,209916	8,233451	8,249955	8,258463	8,267827	8,286614	0,000000	0,000000	0,000000	0,000000	0,000000	0,000000	0,000000	0,000000	0,000000
8,259748	0,073407	8,198709	8,202869	8,210719	8,221003	8,229397	8,240231	8,248782	8,256826	8,266646	8,280858	8,287363	8,473574	0,000000	0,000000	0,000000	0,000000
8,276404	0,100872	8,193150	8,247484	8,388577	0,000000	0,000000	0,000000	0,000000	0,000000	0,000000	0,000000	0,000000	0,000000	0,000000	0,000000	0,000000	0,000000
8,212323	0,007652	8,206912	8,217734	0,000000	0,000000	0,000000	0,000000	0,000000	0,000000	0,000000	0,000000	0,000000	0,000000	0,000000	0,000000	0,000000	0,000000
8,324896	0,110078	8,218869	8,238228	8,264678	8,304837	8,444861	8,477906	0,000000	0,000000	0,000000	0,000000	0,000000	0,000000	0,000000	0,000000	0,000000	0,000000
8,350973	0,171666	8,202875	8,226110	8,404901	8,570007	0,000000	0,000000	0,000000	0,000000	0,000000	0,000000	0,000000	0,000000	0,000000	0,000000	0,000000	0,000000
8,230747	0,034532	8,196665	8,203903	8,212080	8,234308	8,248413	8,289115	0,000000	0,000000	0,000000	0,000000	0,000000	0,000000	0,000000	0,000000	0,000000	0,000000
8,240073	0,020685	8,217361	8,245025	8,257832	0,000000	0,000000	0,000000	0,000000	0,000000	0,000000	0,000000	0,000000	0,000000	0,000000	0,000000	0,000000	0,000000
8,413733	0,297915	8,206349	8,279733	8,755116	0,000000	0,000000	0,000000	0,000000	0,000000	0,000000	0,000000	0,000000	0,000000	0,000000	0,000000	0,000000	0,000000
8,233446	0,018827	8,220133	8,246759	0,000000	0,000000	0,000000	0,000000	0,000000	0,000000	0,000000	0,000000	0,000000	0,000000	0,000000	0,000000	0,000000	0,000000
8,206458	0,008610	8,195772	8,203895	8,210449	8,215716	0,000000	0,000000	0,000000	0,000000	0,000000	0,000000	0,000000	0,000000	0,000000	0,000000	0,000000	0,000000
8,249616	0,033818	8,212524	8,225988	8,242849	8,270763	8,295958	0,000000	0,000000	0,000000	0,000000	0,000000	0,000000	0,000000	0,000000	0,000000	0,000000	0,000000
8,284832	0,072869	8,226656	8,235026	8,292808	8,384837	0,000000	0,000000	0,000000	0,000000	0,000000	0,000000	0,000000	0,000000	0,000000	0,000000	0,000000	0,000000
8,214476	0,025038	8,197072	8,203185	8,243171	0,000000	0,000000	0,000000	0,000000	0,000000	0,000000	0,000000	0,000000	0,000000	0,000000	0,000000	0,000000	0,000000
8,280563	0,100954	8,193429	8,233547	8,270911	8,424366	0,000000	0,000000	0,000000	0,000000	0,000000	0,000000	0,000000	0,000000	0,000000	0,000000	0,000000	0,000000
8,205030	0,004591	8,201784	8,208277	0,000000	0,000000	0,000000	0,000000	0,000000	0,000000	0,000000	0,000000	0,000000	0,000000	0,000000	0,000000	0,000000	0,000000
8,236287	0,018963	8,216457	8,227529	8,240577	8,260586	0,000000	0,000000	0,000000	0,000000	0,000000	0,000000	0,000000	0,000000	0,000000	0,000000	0,000000	0,000000
8,252461	0,028786	8,215261	8,227489	8,242223	8,266090	8,274188	8,289518	0,000000	0,000000	0,000000	0,000000	0,000000	0,000000	0,000000	0,000000	0,000000	0,000000
8,241611	NaN	8,241611	0,000000	0,000000	0,000000	0,000000	0,000000	0,000000	0,000000	0,000000	0,000000	0,000000	0,000000	0,000000	0,000000	0,000000	0,000000
NaN	-0,000000	0,000000	0,000000	0,000000	0,000000	0,000000	0,000000	0,000000	0,000000	0,000000	0,000000	0,000000	0,000000	0,000000	0,000000	0,000000	0,000000
8,242058	NaN	8,242058	0,000000	0,000000	0,000000	0,000000	0,000000	0,000000	0,000000	0,000000	0,000000	0,000000	0,000000	0,000000	0,000000	0,000000	0,000000
8,262522	NaN	8,262522	0,000000	0,000000	0,000000	0,000000	0,000000	0,000000	0,000000	0,000000	0,000000	0,000000	0,000000	0,000000	0,000000	0,000000	0,000000
8,244570	0,054010	8,206380	8,282761	0,000000	0,000000	0,000000	0,000000	0,000000	0,000000	0,000000	0,000000	0,000000	0,000000	0,000000	0,000000	0,000000	0,000000
8,271696	0,044849	8,221095	8,247759	8,301128	8,316803	0,000000	0,000000	0,000000	0,000000	0,000000	0,000000	0,000000	0,000000	0,000000	0,000000	0,000000	0,000000
