8,366164	0,025153	8,332862	8,340794	8,352843	8,370031	8,378045	8,386280	8,402293	0,000000	0,000000	0,000000	0,000000	0,000000	0,000000	0,000000	0,000000	0,000000	0,000000	0,000000	0,000000	0,000000	0,000000	0,000000	0,000000	0,000000	0,000000	0,000000	0,000000	0,000000	0,000000	0,000000	0,000000	0,000000	0,000000	0,000000	0,000000
8,300933	0,127932	7,912867	8,088438	8,115102	8,156945	8,211587	8,224423	8,235604	8,248265	8,258637	8,284241	8,295428	8,301542	8,308890	8,315560	8,329752	8,338372	8,347368	8,356751	8,364607	8,385855	8,395095	8,408068	8,418024	8,433535	8,440581	8,453898	8,495747	0,000000	0,000000	0,000000	0,000000	0,000000	0,000000	0,000000	0,000000
8,388580	0,132271	8,248945	8,281823	8,303057	8,316751	8,336128	8,345755	8,351108	8,359591	8,373523	8,381695	8,415315	8,640889	8,696961	0,000000	0,000000	0,000000	0,000000	0,000000	0,000000	0,000000	0,000000	0,000000	0,000000	0,000000	0,000000	0,000000	0,000000	0,000000	0,000000	0,000000	0,000000	0,000000	0,000000	0,000000	0,000000
8,379914	0,049661	8,335228	8,355094	8,365509	8,379892	8,463847	0,000000	0,000000	0,000000	0,000000	0,000000	0,000000	0,000000	0,000000	0,000000	0,000000	0,000000	0,000000	0,000000	0,000000	0,000000	0,000000	0,000000	0,000000	0,000000	0,000000	0,000000	0,000000	0,000000	0,000000	0,000000	0,000000	0,000000	0,000000	0,000000	0,000000
8,406039	0,061696	8,329163	8,343389	8,348733	8,360480	8,368570	8,389116	8,398183	8,420842	8,445345	8,459940	8,482867	8,525839	0,000000	0,000000	0,000000	0,000000	0,000000	0,000000	0,000000	0,000000	0,000000	0,000000	0,000000	0,000000	0,000000	0,000000	0,000000	0,000000	0,000000	0,000000	0,000000	0,000000	0,000000	0,000000	0,000000
8,363473	0,028660	8,322106	8,337613	8,347631	8,354281	8,361086	8,368942	8,376252	8,382463	8,420885	0,000000	0,000000	0,000000	0,000000	0,000000	0,000000	0,000000	0,000000	0,000000	0,000000	0,000000	0,000000	0,000000	0,000000	0,000000	0,000000	0,000000	0,000000	0,000000	0,000000	0,000000	0,000000	0,000000	0,000000	0,000000	0,000000
8,390193	0,080464	8,323888	8,332715	8,339176	8,352514	8,363773	8,370730	8,378870	8,402366	8,441364	8,596532	0,000000	0,000000	0,000000	0,000000	0,000000	0,000000	0,000000	0,000000	0,000000	0,000000	0,000000	0,000000	0,000000	0,000000	0,000000	0,000000	0,000000	0,000000	0,000000	0,000000	0,000000	0,000000	0,000000	0,000000	0,000000
8,299927	0,147547	8,014688	8,071244	8,107858	8,159599	8,176764	8,214785	8,265132	8,303536	8,310759	8,323341	8,329595	8,335547	8,340775	8,347836	8,353888	8,363459	8,373930	8,386147	8,394955	8,407152	8,717485	0,000000	0,000000	0,000000	0,000000	0,000000	0,000000	0,000000	0,000000	0,000000	0,000000	0,000000	0,000000	0,000000	0,000000
8,345295	0,011047	8,337483	8,353106	0,000000	0,000000	0,000000	0,000000	0,000000	0,000000	0,000000	0,000000	0,000000	0,000000	0,000000	0,000000	0,000000	0,000000	0,000000	0,000000	0,000000	0,000000	0,000000	0,000000	0,000000	0,000000	0,000000	0,000000	0,000000	0,000000	0,000000	0,000000	0,000000	0,000000	0,000000	0,000000	0,000000
8,322480	NaN	8,322480	0,000000	0,000000	0,000000	0,000000	0,000000	0,000000	0,000000	0,000000	0,000000	0,000000	0,000000	0,000000	0,000000	0,000000	0,000000	0,000000	0,000000	0,000000	0,000000	0,000000	0,000000	0,000000	0,000000	0,000000	0,000000	0,000000	0,000000	0,000000	0,000000	0,000000	0,000000	0,000000	0,000000	0,000000
8,304356	0,148542	7,769678	7,964208	8,184523	8,212847	8,225467	8,234446	8,248391	8,254646	8,263480	8,270363	8,276557	8,284349	8,295247	8,301205	8,309160	8,323444	8,330402	8,340668	8,346839	8,356657	8,367495	8,380362	8,395687	8,409395	8,428228	8,437347	8,450580	8,463887	8,491051	8,514065	0,000000	0,000000	0,000000	0,000000	0,000000
8,350247	0,027852	8,319345	8,357986	8,373411	0,000000	0,000000	0,000000	0,000000	0,000000	0,000000	0,000000	0,000000	0,000000	0,000000	0,000000	0,000000	0,000000	0,000000	0,000000	0,000000	0,000000	0,000000	0,000000	0,000000	0,000000	0,000000	0,000000	0,000000	0,000000	0,000000	0,000000	0,000000	0,000000	0,000000	0,000000	0,000000
8,359614	0,015418	8,340544	8,347471	8,355279	8,360647	8,371310	8,382434	0,000000	0,000000	0,000000	0,000000	0,000000	0,000000	0,000000	0,000000	0,000000	0,000000	0,000000	0,000000	0,000000	0,000000	0,000000	0,000000	0,000000	0,000000	0,000000	0,000000	0,000000	0,000000	0,000000	0,000000	0,000000	0,000000	0,000000	0,000000	0,000000
8,261080	0,183697	7,788163	7,811760	8,192529	8,228882	8,263035	8,282423	8,302054	8,306670	8,315916	8,324777	8,330772	8,345388	8,357136	8,371075	8,385642	8,400144	8,432001	0,000000	0,000000	0,000000	0,000000	0,000000	0,000000	0,000000	0,000000	0,000000	0,000000	0,000000	0,000000	0,000000	0,000000	0,000000	0,000000	0,000000	0,000000
8,339656	0,026855	8,302936	8,316831	8,339434	8,346939	8,353530	8,378269	0,000000	0,000000	0,000000	0,000000	0,000000	0,000000	0,000000	0,000000	0,000000	0,000000	0,000000	0,000000	0,000000	0,000000	0,000000	0,000000	0,000000	0,000000	0,000000	0,000000	0,000000	0,000000	0,000000	0,000000	0,000000	0,000000	0,000000	0,000000	0,000000
8,352646	0,162831	7,755788	8,312325	8,320066	8,328920	8,337268	8,344997	8,358760	8,367369	8,382470	8,396657	8,404943	8,413240	8,420481	8,434283	8,453609	8,475857	8,487952	0,000000	0,000000	0,000000	0,000000	0,000000	0,000000	0,000000	0,000000	0,000000	0,000000	0,000000	0,000000	0,000000	0,000000	0,000000	0,000000	0,000000	0,000000
8,331118	0,197890	7,803212	8,045007	8,069042	8,094174	8,101916	8,163296	8,187191	8,202687	8,235035	8,247868	8,257873	8,265075	8,271220	8,288806	8,296933	8,303786	8,313833	8,324127	8,331847	8,341415	8,351080	8,372533	8,382621	8,396041	8,414174	8,421460	8,434764	8,441633	8,464955	8,496861	8,512199	8,518771	8,644434	8,760716	8,832557
8,326228	0,091238	8,154601	8,198567	8,214892	8,285706	8,317152	8,324971	8,346414	8,361583	8,371663	8,387299	8,391983	8,421377	8,464750	0,000000	0,000000	0,000000	0,000000	0,000000	0,000000	0,000000	0,000000	0,000000	0,000000	0,000000	0,000000	0,000000	0,000000	0,000000	0,000000	0,000000	0,000000	0,000000	0,000000	0,000000	0,000000
8,502844	0,379210	8,326086	8,338080	8,351038	8,359784	8,365734	9,276342	0,000000	0,000000	0,000000	0,000000	0,000000	0,000000	0,000000	0,000000	0,000000	0,000000	0,000000	0,000000	0,000000	0,000000	0,000000	0,000000	0,000000	0,000000	0,000000	0,000000	0,000000	0,000000	0,000000	0,000000	0,000000	0,000000	0,000000	0,000000	0,000000
8,353388	0,020911	8,332791	8,352772	8,374601	0,000000	0,000000	0,000000	0,000000	0,000000	0,000000	0,000000	0,000000	0,000000	0,000000	0,000000	0,000000	0,000000	0,000000	0,000000	0,000000	0,000000	0,000000	0,000000	0,000000	0,000000	0,000000	0,000000	0,000000	0,000000	0,000000	0,000000	0,000000	0,000000	0,000000	0,000000	0,000000
8,350794	0,010557	8,340293	8,350683	8,361405	0,000000	0,000000	0,000000	0,000000	0,000000	0,000000	0,000000	0,000000	0,000000	0,000000	0,000000	0,000000	0,000000	0,000000	0,000000	0,000000	0,000000	0,000000	0,000000	0,000000	0,000000	0,000000	0,000000	0,000000	0,000000	0,000000	0,000000	0,000000	0,000000	0,000000	0,000000	0,000000
8,247181	0,361416	7,360235	8,328634	8,340551	8,349088	8,358468	8,371291	8,390375	8,478802	0,000000	0,000000	0,000000	0,000000	0,000000	0,000000	0,000000	0,000000	0,000000	0,000000	0,000000	0,000000	0,000000	0,000000	0,000000	0,000000	0,000000	0,000000	0,000000	0,000000	0,000000	0,000000	0,000000	0,000000	0,000000	0,000000	0,000000
8,438862	0,179136	8,265895	8,312431	8,320004	8,327852	8,332868	8,347739	8,359132	8,380239	8,389995	8,415631	8,450072	8,464622	8,488782	8,500689	8,661056	9,004777	0,000000	0,000000	0,000000	0,000000	0,000000	0,000000	0,000000	0,000000	0,000000	0,000000	0,000000	0,000000	0,000000	0,000000	0,000000	0,000000	0,000000	0,000000	0,000000
8,358373	0,024450	8,324413	8,357360	8,372154	8,379566	0,000000	0,000000	0,000000	0,000000	0,000000	0,000000	0,000000	0,000000	0,000000	0,000000	0,000000	0,000000	0,000000	0,000000	0,000000	0,000000	0,000000	0,000000	0,000000	0,000000	0,000000	0,000000	0,000000	0,000000	0,000000	0,000000	0,000000	0,000000	0,000000	0,000000	0,000000
NaN	-0,000000	0,000000	0,000000	0,000000	0,000000	0,000000	0,000000	0,000000	0,000000	0,000000	0,000000	0,000000	0,000000	0,000000	0,000000	0,000000	0,000000	0,000000	0,000000	0,000000	0,000000	0,000000	0,000000	0,000000	0,000000	0,000000	0,000000	0,000000	0,000000	0,000000	0,000000	0,000000	0,000000	0,000000	0,000000	0,000000
8,333942	0,056521	8,219884	8,261587	8,287101	8,296402	8,309467	8,318042	8,329179	8,337852	8,356770	8,369326	8,376413	8,390653	8,406544	8,415966	0,000000	0,000000	0,000000	0,000000	0,000000	0,000000	0,000000	0,000000	0,000000	0,000000	0,000000	0,000000	0,000000	0,000000	0,000000	0,000000	0,000000	0,000000	0,000000	0,000000	0,000000
8,294839	0,250320	7,390138	7,751440	8,037649	8,223574	8,238766	8,257598	8,269484	8,297299	8,306556	8,313452	8,321277	8,333004	8,349130	8,369191	8,379572	8,384325	8,397043	8,403066	8,410946	8,418821	8,423406	8,450479	8,516387	8,537527	8,590856	0,000000	0,000000	0,000000	0,000000	0,000000	0,000000	0,000000	0,000000	0,000000	0,000000
8,386216	0,066070	8,294271	8,337735	8,350459	8,357613	8,365038	8,379462	8,386665	8,393458	8,482584	8,514876	0,000000	0,000000	0,000000	0,000000	0,000000	0,000000	0,000000	0,000000	0,000000	0,000000	0,000000	0,000000	0,000000	0,000000	0,000000	0,000000	0,000000	0,000000	0,000000	0,000000	0,000000	0,000000	0,000000	0,000000	0,000000
8,378151	0,076409	8,300781	8,324703	8,339282	8,346554	8,359827	8,371908	8,391403	8,406328	8,562569	0,000000	0,000000	0,000000	0,000000	0,000000	0,000000	0,000000	0,000000	0,000000	0,000000	0,000000	0,000000	0,000000	0,000000	0,000000	0,000000	0,000000	0,000000	0,000000	0,000000	0,000000	0,000000	0,000000	0,000000	0,000000	0,000000
8,351467	0,038580	8,298363	8,311588	8,319203	8,329558	8,338401	8,343813	8,356761	8,365975	8,381954	8,392333	8,428185	0,000000	0,000000	0,000000	0,000000	0,000000	0,000000	0,000000	0,000000	0,000000	0,000000	0,000000	0,000000	0,000000	0,000000	0,000000	0,000000	0,000000	0,000000	0,000000	0,000000	0,000000	0,000000	0,000000	0,000000
8,372041	0,024412	8,354779	8,389303	0,000000	0,000000	0,000000	0,000000	0,000000	0,000000	0,000000	0,000000	0,000000	0,000000	0,000000	0,000000	0,000000	0,000000	0,000000	0,000000	0,000000	0,000000	0,000000	0,000000	0,000000	0,000000	0,000000	0,000000	0,000000	0,000000	0,000000	0,000000	0,000000	0,000000	0,000000	0,000000	0,000000
8,352616	0,063763	8,263192	8,283241	8,297480	8,312687	8,321649	8,330971	8,346093	8,358456	8,371594	8,378743	8,402735	8,414831	8,502334	0,000000	0,000000	0,000000	0,000000	0,000000	0,000000	0,000000	0,000000	0,000000	0,000000	0,000000	0,000000	0,000000	0,000000	0,000000	0,000000	0,000000	0,000000	0,000000	0,000000	0,000000	0,000000
8,366762	0,038777	8,310046	8,319712	8,332040	8,348309	8,356052	8,369783	8,375432	8,382084	8,396090	8,405503	8,439325	0,000000	0,000000	0,000000	0,000000	0,000000	0,000000	0,000000	0,000000	0,000000	0,000000	0,000000	0,000000	0,000000	0,000000	0,000000	0,000000	0,000000	0,000000	0,000000	0,000000	0,000000	0,000000	0,000000	0,000000
8,308494	0,193388	7,728840	7,881650	8,291888	8,299446	8,304744	8,311729	8,319979	8,323896	8,334063	8,345926	8,359238	8,366327	8,372135	8,377764	8,388961	8,398045	8,412655	8,419934	8,624165	0,000000	0,000000	0,000000	0,000000	0,000000	0,000000	0,000000	0,000000	0,000000	0,000000	0,000000	0,000000	0,000000	0,000000	0,000000	0,000000
8,363853	0,050686	8,300574	8,324222	8,342770	8,354331	8,374493	8,396643	8,453941	0,000000	0,000000	0,000000	0,000000	0,000000	0,000000	0,000000	0,000000	0,000000	0,000000	0,000000	0,000000	0,000000	0,000000	0,000000	0,000000	0,000000	0,000000	0,000000	0,000000	0,000000	0,000000	0,000000	0,000000	0,000000	0,000000	0,000000	0,000000
8,317022	0,163731	7,666709	8,241643	8,267054	8,284995	8,298038	8,303002	8,311677	8,321955	8,329685	8,336546	8,348482	8,356147	8,373021	8,385060	8,392550	8,398497	8,408692	8,424925	8,435742	8,456016	0,000000	0,000000	0,000000	0,000000	0,000000	0,000000	0,000000	0,000000	0,000000	0,000000	0,000000	0,000000	0,000000	0,000000	0,000000
8,354290	0,049400	8,279350	8,299945	8,317359	8,329243	8,335859	8,345363	8,360232	8,366333	8,373440	8,380800	8,395679	8,467874	0,000000	0,000000	0,000000	0,000000	0,000000	0,000000	0,000000	0,000000	0,000000	0,000000	0,000000	0,000000	0,000000	0,000000	0,000000	0,000000	0,000000	0,000000	0,000000	0,000000	0,000000	0,000000	0,000000
8,341937	0,027974	8,320105	8,332236	8,373470	0,000000	0,000000	0,000000	0,000000	0,000000	0,000000	0,000000	0,000000	0,000000	0,000000	0,000000	0,000000	0,000000	0,000000	0,000000	0,000000	0,000000	0,000000	0,000000	0,000000	0,000000	0,000000	0,000000	0,000000	0,000000	0,000000	0,000000	0,000000	0,000000	0,000000	0,000000	0,000000
8,375472	0,033960	8,339452	8,345755	8,354741	8,359775	8,365622	8,391043	8,413067	8,434322	0,000000	0,000000	0,000000	0,000000	0,000000	0,000000	0,000000	0,000000	0,000000	0,000000	0,000000	0,000000	0,000000	0,000000	0,000000	0,000000	0,000000	0,000000	0,000000	0,000000	0,000000	0,000000	0,000000	0,000000	0,000000	0,000000	0,000000
8,377195	0,029854	8,328107	8,347098	8,352671	8,361877	8,375066	8,382912	8,390143	8,401696	8,412744	8,419632	0,000000	0,000000	0,000000	0,000000	0,000000	0,000000	0,000000	0,000000	0,000000	0,000000	0,000000	0,000000	0,000000	0,000000	0,000000	0,000000	0,000000	0,000000	0,000000	0,000000	0,000000	0,000000	0,000000	0,000000	0,000000
8,325364	0,170676	7,972158	8,011373	8,307273	8,322892	8,332442	8,339100	8,353391	8,358050	8,367168	8,373670	8,409958	8,442518	8,639740	0,000000	0,000000	0,000000	0,000000	0,000000	0,000000	0,000000	0,000000	0,000000	0,000000	0,000000	0,000000	0,000000	0,000000	0,000000	0,000000	0,000000	0,000000	0,000000	0,000000	0,000000	0,000000
8,227690	0,338982	7,424937	7,457841	8,217979	8,262169	8,324688	8,337216	8,349665	8,356735	8,368329	8,387670	8,398282	8,424311	8,430460	8,447379	0,000000	0,000000	0,000000	0,000000	0,000000	0,000000	0,000000	0,000000	0,000000	0,000000	0,000000	0,000000	0,000000	0,000000	0,000000	0,000000	0,000000	0,000000	0,000000	0,000000	0,000000
8,366778	0,028135	8,326050	8,338136	8,349163	8,357808	8,362046	8,372440	8,386179	8,395308	8,413874	0,000000	0,000000	0,000000	0,000000	0,000000	0,000000	0,000000	0,000000	0,000000	0,000000	0,000000	0,000000	0,000000	0,000000	0,000000	0,000000	0,000000	0,000000	0,000000	0,000000	0,000000	0,000000	0,000000	0,000000	0,000000	0,000000
8,332254	0,063658	8,261977	8,275649	8,347896	8,359287	8,416462	0,000000	0,000000	0,000000	0,000000	0,000000	0,000000	0,000000	0,000000	0,000000	0,000000	0,000000	0,000000	0,000000	0,000000	0,000000	0,000000	0,000000	0,000000	0,000000	0,000000	0,000000	0,000000	0,000000	0,000000	0,000000	0,000000	0,000000	0,000000	0,000000	0,000000
8,404186	0,101494	8,273871	8,302059	8,337141	8,350860	8,363261	8,382640	8,400592	8,412329	8,462685	8,563244	8,597368	0,000000	0,000000	0,000000	0,000000	0,000000	0,000000	0,000000	0,000000	0,000000	0,000000	0,000000	0,000000	0,000000	0,000000	0,000000	0,000000	0,000000	0,000000	0,000000	0,000000	0,000000	0,000000	0,000000	0,000000
8,379023	0,046391	8,319889	8,339775	8,343870	8,354193	8,363041	8,389639	8,409443	8,437076	8,454283	0,000000	0,000000	0,000000	0,000000	0,000000	0,000000	0,000000	0,000000	0,000000	0,000000	0,000000	0,000000	0,000000	0,000000	0,000000	0,000000	0,000000	0,000000	0,000000	0,000000	0,000000	0,000000	0,000000	0,000000	0,000000	0,000000
8,264778	0,282055	7,372842	7,911095	7,965501	8,283965	8,308146	8,313647	8,320139	8,328346	8,336422	8,347682	8,366336	8,376096	8,387112	8,399269	8,416097	8,447607	8,620929	0,000000	0,000000	0,000000	0,000000	0,000000	0,000000	0,000000	0,000000	0,000000	0,000000	0,000000	0,000000	0,000000	0,000000	0,000000	0,000000	0,000000	0,000000
8,362052	0,062734	8,197345	8,298954	8,312992	8,325072	8,341485	8,352023	8,363342	8,369803	8,374527	8,392729	8,402091	8,408187	8,417424	8,423632	8,451172	0,000000	0,000000	0,000000	0,000000	0,000000	0,000000	0,000000	0,000000	0,000000	0,000000	0,000000	0,000000	0,000000	0,000000	0,000000	0,000000	0,000000	0,000000	0,000000	0,000000
8,272163	0,163119	7,852267	7,989457	8,001686	8,017097	8,193902	8,225258	8,288837	8,296588	8,301683	8,307794	8,315924	8,321955	8,330142	8,345824	8,359769	8,364868	8,375725	8,388763	8,400328	8,414658	8,425634	8,469425	0,000000	0,000000	0,000000	0,000000	0,000000	0,000000	0,000000	0,000000	0,000000	0,000000	0,000000	0,000000	0,000000
8,339797	0,022888	8,315217	8,343674	8,360498	0,000000	0,000000	0,000000	0,000000	0,000000	0,000000	0,000000	0,000000	0,000000	0,000000	0,000000	0,000000	0,000000	0,000000	0,000000	0,000000	0,000000	0,000000	0,000000	0,000000	0,000000	0,000000	0,000000	0,000000	0,000000	0,000000	0,000000	0,000000	0,000000	0,000000	0,000000	0,000000
8,358751	0,041018	8,307348	8,322303	8,331298	8,342696	8,352411	8,362344	8,377087	8,390299	8,442969	0,000000	0,000000	0,000000	0,000000	0,000000	0,000000	0,000000	0,000000	0,000000	0,000000	0,000000	0,000000	0,000000	0,000000	0,000000	0,000000	0,000000	0,000000	0,000000	0,000000	0,000000	0,000000	0,000000	0,000000	0,000000	0,000000
8,365445	0,022642	8,336960	8,351652	8,365836	8,377126	8,395652	0,000000	0,000000	0,000000	0,000000	0,000000	0,000000	0,000000	0,000000	0,000000	0,000000	0,000000	0,000000	0,000000	0,000000	0,000000	0,000000	0,000000	0,000000	0,000000	0,000000	0,000000	0,000000	0,000000	0,000000	0,000000	0,000000	0,000000	0,000000	0,000000	0,000000
8,374051	0,048166	8,304890	8,321406	8,345875	8,354739	8,364075	8,388149	8,414976	8,427609	8,444736	0,000000	0,000000	0,000000	0,000000	0,000000	0,000000	0,000000	0,000000	0,000000	0,000000	0,000000	0,000000	0,000000	0,000000	0,000000	0,000000	0,000000	0,000000	0,000000	0,000000	0,000000	0,000000	0,000000	0,000000	0,000000	0,000000
8,346631	0,021720	8,316748	8,331922	8,338105	8,353108	8,365102	8,374803	0,000000	0,000000	0,000000	0,000000	0,000000	0,000000	0,000000	0,000000	0,000000	0,000000	0,000000	0,000000	0,000000	0,000000	0,000000	0,000000	0,000000	0,000000	0,000000	0,000000	0,000000	0,000000	0,000000	0,000000	0,000000	0,000000	0,000000	0,000000	0,000000
8,298159	0,245430	7,752696	7,886731	7,901198	8,081200	8,177237	8,215483	8,240775	8,259300	8,273400	8,298661	8,316338	8,322699	8,330959	8,336399	8,351276	8,369272	8,377649	8,384904	8,409502	8,423569	8,429166	8,476494	8,507124	9,033789	0,000000	0,000000	0,000000	0,000000	0,000000	0,000000	0,000000	0,000000	0,000000	0,000000	0,000000
8,319852	0,039370	8,276008	8,331367	8,352180	0,000000	0,000000	0,000000	0,000000	0,000000	0,000000	0,000000	0,000000	0,000000	0,000000	0,000000	0,000000	0,000000	0,000000	0,000000	0,000000	0,000000	0,000000	0,000000	0,000000	0,000000	0,000000	0,000000	0,000000	0,000000	0,000000	0,000000	0,000000	0,000000	0,000000	0,000000	0,000000
8,368121	0,042924	8,321104	8,328725	8,333994	8,340462	8,349216	8,362241	8,370267	8,411565	8,416137	8,447495	0,000000	0,000000	0,000000	0,000000	0,000000	0,000000	0,000000	0,000000	0,000000	0,000000	0,000000	0,000000	0,000000	0,000000	0,000000	0,000000	0,000000	0,000000	0,000000	0,000000	0,000000	0,000000	0,000000	0,000000	0,000000
8,354614	0,054508	8,266793	8,289078	8,293892	8,319946	8,332021	8,347479	8,352547	8,362811	8,375598	8,390065	8,405834	8,425969	8,447951	0,000000	0,000000	0,000000	0,000000	0,000000	0,000000	0,000000	0,000000	0,000000	0,000000	0,000000	0,000000	0,000000	0,000000	0,000000	0,000000	0,000000	0,000000	0,000000	0,000000	0,000000	0,000000
8,359753	0,046958	8,301083	8,313762	8,320356	8,327385	8,334583	8,344258	8,355988	8,362864	8,377746	8,404727	8,416197	8,458082	0,000000	0,000000	0,000000	0,000000	0,000000	0,000000	0,000000	0,000000	0,000000	0,000000	0,000000	0,000000	0,000000	0,000000	0,000000	0,000000	0,000000	0,000000	0,000000	0,000000	0,000000	0,000000	0,000000
8,295348	0,129950	8,039498	8,048879	8,083441	8,090310	8,126798	8,222160	8,271101	8,287949	8,302876	8,313854	8,324077	8,334933	8,345731	8,353831	8,361350	8,374403	8,386589	8,400229	8,405138	8,413739	8,421268	8,436041	8,448809	0,000000	0,000000	0,000000	0,000000	0,000000	0,000000	0,000000	0,000000	0,000000	0,000000	0,000000	0,000000
8,365556	0,069074	8,271087	8,308839	8,321788	8,342637	8,353758	8,362887	8,385505	8,456125	8,487379	0,000000	0,000000	0,000000	0,000000	0,000000	0,000000	0,000000	0,000000	0,000000	0,000000	0,000000	0,000000	0,000000	0,000000	0,000000	0,000000	0,000000	0,000000	0,000000	0,000000	0,000000	0,000000	0,000000	0,000000	0,000000	0,000000
8,346380	0,141923	7,918573	8,286745	8,315598	8,320724	8,327359	8,334276	8,339890	8,357037	8,370932	8,395690	8,402170	8,457463	8,507260	8,515601	0,000000	0,000000	0,000000	0,000000	0,000000	0,000000	0,000000	0,000000	0,000000	0,000000	0,000000	0,000000	0,000000	0,000000	0,000000	0,000000	0,000000	0,000000	0,000000	0,000000	0,000000
8,363929	0,050215	8,327106	8,331883	8,360879	8,435849	0,000000	0,000000	0,000000	0,000000	0,000000	0,000000	0,000000	0,000000	0,000000	0,000000	0,000000	0,000000	0,000000	0,000000	0,000000	0,000000	0,000000	0,000000	0,000000	0,000000	0,000000	0,000000	0,000000	0,000000	0,000000	0,000000	0,000000	0,000000	0,000000	0,000000	0,000000
8,363590	0,045469	8,304238	8,323156	8,333524	8,344401	8,349607	8,355800	8,364541	8,371451	8,378443	8,399223	8,475106	0,000000	0,000000	0,000000	0,000000	0,000000	0,000000	0,000000	0,000000	0,000000	0,000000	0,000000	0,000000	0,000000	0,000000	0,000000	0,000000	0,000000	0,000000	0,000000	0,000000	0,000000	0,000000	0,000000	0,000000
8,359585	0,101590	8,120686	8,244079	8,253140	8,307151	8,318091	8,325836	8,336558	8,349604	8,363545	8,370412	8,376634	8,387247	8,399365	8,405496	8,419530	8,429682	8,448728	8,616746	0,000000	0,000000	0,000000	0,000000	0,000000	0,000000	0,000000	0,000000	0,000000	0,000000	0,000000	0,000000	0,000000	0,000000	0,000000	0,000000	0,000000
8,336212	0,040111	8,277747	8,328354	8,339200	8,346188	8,389570	0,000000	0,000000	0,000000	0,000000	0,000000	0,000000	0,000000	0,000000	0,000000	0,000000	0,000000	0,000000	0,000000	0,000000	0,000000	0,000000	0,000000	0,000000	0,000000	0,000000	0,000000	0,000000	0,000000	0,000000	0,000000	0,000000	0,000000	0,000000	0,000000	0,000000
8,349248	0,018250	8,330804	8,336732	8,343678	8,359231	8,375796	0,000000	0,000000	0,000000	0,000000	0,000000	0,000000	0,000000	0,000000	0,000000	0,000000	0,000000	0,000000	0,000000	0,000000	0,000000	0,000000	0,000000	0,000000	0,000000	0,000000	0,000000	0,000000	0,000000	0,000000	0,000000	0,000000	0,000000	0,000000	0,000000	0,000000
NaN	-0,000000	0,000000	0,000000	0,000000	0,000000	0,000000	0,000000	0,000000	0,000000	0,000000	0,000000	0,000000	0,000000	0,000000	0,000000	0,000000	0,000000	0,000000	0,000000	0,000000	0,000000	0,000000	0,000000	0,000000	0,000000	0,000000	0,000000	0,000000	0,000000	0,000000	0,000000	0,000000	0,000000	0,000000	0,000000	0,000000
8,369329	0,145418	8,115229	8,345000	8,367311	8,376632	8,465826	8,545974	0,000000	0,000000	0,000000	0,000000	0,000000	0,000000	0,000000	0,000000	0,000000	0,000000	0,000000	0,000000	0,000000	0,000000	0,000000	0,000000	0,000000	0,000000	0,000000	0,000000	0,000000	0,000000	0,000000	0,000000	0,000000	0,000000	0,000000	0,000000	0,000000
8,381739	0,045182	8,315492	8,332851	8,344985	8,356293	8,363986	8,378222	8,391662	8,401679	8,414339	8,434249	8,465366	0,000000	0,000000	0,000000	0,000000	0,000000	0,000000	0,000000	0,000000	0,000000	0,000000	0,000000	0,000000	0,000000	0,000000	0,000000	0,000000	0,000000	0,000000	0,000000	0,000000	0,000000	0,000000	0,000000	0,000000
8,378514	0,076642	8,278463	8,319337	8,328992	8,334763	8,346460	8,353889	8,360174	8,368139	8,374705	8,381474	8,387530	8,400252	8,467718	8,597308	0,000000	0,000000	0,000000	0,000000	0,000000	0,000000	0,000000	0,000000	0,000000	0,000000	0,000000	0,000000	0,000000	0,000000	0,000000	0,000000	0,000000	0,000000	0,000000	0,000000	0,000000
8,334052	NaN	8,334052	0,000000	0,000000	0,000000	0,000000	0,000000	0,000000	0,000000	0,000000	0,000000	0,000000	0,000000	0,000000	0,000000	0,000000	0,000000	0,000000	0,000000	0,000000	0,000000	0,000000	0,000000	0,000000	0,000000	0,000000	0,000000	0,000000	0,000000	0,000000	0,000000	0,000000	0,000000	0,000000	0,000000	0,000000
8,353475	0,038385	8,304287	8,308378	8,315455	8,323589	8,332548	8,349061	8,356937	8,362916	8,376667	8,384321	8,406837	8,420710	0,000000	0,000000	0,000000	0,000000	0,000000	0,000000	0,000000	0,000000	0,000000	0,000000	0,000000	0,000000	0,000000	0,000000	0,000000	0,000000	0,000000	0,000000	0,000000	0,000000	0,000000	0,000000	0,000000
8,359717	0,292213	7,417039	7,866162	8,252933	8,290068	8,296030	8,308793	8,315353	8,326847	8,336828	8,349724	8,355430	8,365180	8,370338	8,388222	8,401373	8,411370	8,441185	8,459732	8,470444	8,476244	8,602077	8,714206	9,057912	0,000000	0,000000	0,000000	0,000000	0,000000	0,000000	0,000000	0,000000	0,000000	0,000000	0,000000	0,000000
8,356841	0,283973	7,802635	7,819483	8,307395	8,320561	8,340667	8,356298	8,366262	8,371461	8,385667	8,396373	8,402491	8,412532	8,423885	8,621923	9,024975	0,000000	0,000000	0,000000	0,000000	0,000000	0,000000	0,000000	0,000000	0,000000	0,000000	0,000000	0,000000	0,000000	0,000000	0,000000	0,000000	0,000000	0,000000	0,000000	0,000000
8,314097	0,099134	8,173413	8,187301	8,325791	8,343574	8,352791	8,369214	8,446593	0,000000	0,000000	0,000000	0,000000	0,000000	0,000000	0,000000	0,000000	0,000000	0,000000	0,000000	0,000000	0,000000	0,000000	0,000000	0,000000	0,000000	0,000000	0,000000	0,000000	0,000000	0,000000	0,000000	0,000000	0,000000	0,000000	0,000000	0,000000
8,376257	0,032132	8,324074	8,337341	8,348937	8,355906	8,362059	8,374871	8,382486	8,387776	8,393271	8,403746	8,410106	8,434507	0,000000	0,000000	0,000000	0,000000	0,000000	0,000000	0,000000	0,000000	0,000000	0,000000	0,000000	0,000000	0,000000	0,000000	0,000000	0,000000	0,000000	0,000000	0,000000	0,000000	0,000000	0,000000	0,000000
8,367370	0,047260	8,300786	8,311913	8,322358	8,330573	8,344619	8,350022	8,363643	8,370217	8,383322	8,399361	8,414884	8,428246	8,455861	0,000000	0,000000	0,000000	0,000000	0,000000	0,000000	0,000000	0,000000	0,000000	0,000000	0,000000	0,000000	0,000000	0,000000	0,000000	0,000000	0,000000	0,000000	0,000000	0,000000	0,000000	0,000000
8,362738	0,031990	8,315674	8,327105	8,334230	8,340824	8,346182	8,354180	8,364110	8,373433	8,382272	8,393023	8,404746	8,417073	0,000000	0,000000	0,000000	0,000000	0,000000	0,000000	0,000000	0,000000	0,000000	0,000000	0,000000	0,000000	0,000000	0,000000	0,000000	0,000000	0,000000	0,000000	0,000000	0,000000	0,000000	0,000000	0,000000
8,341112	0,119632	8,049089	8,320399	8,339009	8,348978	8,359083	8,372484	8,387960	8,407741	8,485268	0,000000	0,000000	0,000000	0,000000	0,000000	0,000000	0,000000	0,000000	0,000000	0,000000	0,000000	0,000000	0,000000	0,000000	0,000000	0,000000	0,000000	0,000000	0,000000	0,000000	0,000000	0,000000	0,000000	0,000000	0,000000	0,000000
8,357423	0,299908	7,503690	7,710043	7,891939	8,235177	8,251465	8,262933	8,273238	8,282352	8,292236	8,299388	8,313171	8,319853	8,328336	8,341066	8,355570	8,364321	8,376741	8,386655	8,398854	8,406983	8,416394	8,427959	8,497291	8,524845	8,589263	8,604239	8,809199	8,884307	9,017745	0,000000	0,000000	0,000000	0,000000	0,000000	0,000000
8,329294	0,076105	8,156022	8,197541	8,284606	8,294753	8,307984	8,314513	8,325247	8,338225	8,357737	8,367844	8,371767	8,378387	8,396528	8,405017	8,443237	0,000000	0,000000	0,000000	0,000000	0,000000	0,000000	0,000000	0,000000	0,000000	0,000000	0,000000	0,000000	0,000000	0,000000	0,000000	0,000000	0,000000	0,000000	0,000000	0,000000
8,337904	0,112886	8,160045	8,201651	8,207820	8,253633	8,300079	8,311258	8,320864	8,332576	8,345853	8,352929	8,369841	8,380394	8,388470	8,407827	8,424943	8,648276	0,000000	0,000000	0,000000	0,000000	0,000000	0,000000	0,000000	0,000000	0,000000	0,000000	0,000000	0,000000	0,000000	0,000000	0,000000	0,000000	0,000000	0,000000	0,000000
8,180335	0,263004	7,721815	7,741635	7,764206	7,809595	7,927303	8,179929	8,201089	8,251677	8,272179	8,300134	8,309173	8,327888	8,349155	8,359404	8,382381	8,397603	8,407845	8,543014	0,000000	0,000000	0,000000	0,000000	0,000000	0,000000	0,000000	0,000000	0,000000	0,000000	0,000000	0,000000	0,000000	0,000000	0,000000	0,000000	0,000000
8,422646	0,281780	7,827622	8,175871	8,226755	8,252605	8,286182	8,309562	8,324989	8,339874	8,357757	8,366875	8,374974	8,390238	8,396201	8,405677	8,417918	8,427478	8,434742	8,459931	8,532189	8,710867	9,136130	9,143772	0,000000	0,000000	0,000000	0,000000	0,000000	0,000000	0,000000	0,000000	0,000000	0,000000	0,000000	0,000000	0,000000
8,356341	0,039306	8,272075	8,318963	8,332505	8,343006	8,349823	8,359711	8,370773	8,380770	8,386745	8,394759	8,410621	0,000000	0,000000	0,000000	0,000000	0,000000	0,000000	0,000000	0,000000	0,000000	0,000000	0,000000	0,000000	0,000000	0,000000	0,000000	0,000000	0,000000	0,000000	0,000000	0,000000	0,000000	0,000000	0,000000	0,000000
8,234899	0,333566	7,368297	7,420712	7,732524	7,755266	7,882763	8,112640	8,214971	8,237840	8,254301	8,258572	8,300739	8,311528	8,320414	8,327894	8,333826	8,348277	8,356097	8,374987	8,386698	8,396034	8,409934	8,415539	8,427014	8,467504	8,501352	8,569727	8,856820	0,000000	0,000000	0,000000	0,000000	0,000000	0,000000	0,000000	0,000000
8,339849	0,059771	8,207153	8,242743	8,274655	8,298296	8,305316	8,310328	8,325161	8,333227	8,338254	8,346352	8,356261	8,370755	8,377469	8,391192	8,396426	8,406413	8,414854	8,422420	0,000000	0,000000	0,000000	0,000000	0,000000	0,000000	0,000000	0,000000	0,000000	0,000000	0,000000	0,000000	0,000000	0,000000	0,000000	0,000000	0,000000
8,372124	0,038415	8,326305	8,332084	8,340491	8,349908	8,366878	8,380691	8,405173	8,417598	8,429984	0,000000	0,000000	0,000000	0,000000	0,000000	0,000000	0,000000	0,000000	0,000000	0,000000	0,000000	0,000000	0,000000	0,000000	0,000000	0,000000	0,000000	0,000000	0,000000	0,000000	0,000000	0,000000	0,000000	0,000000	0,000000	0,000000
8,371620	0,039937	8,314951	8,329678	8,352259	8,357627	8,364850	8,377893	8,392287	8,412394	8,442639	0,000000	0,000000	0,000000	0,000000	0,000000	0,000000	0,000000	0,000000	0,000000	0,000000	0,000000	0,000000	0,000000	0,000000	0,000000	0,000000	0,000000	0,000000	0,000000	0,000000	0,000000	0,000000	0,000000	0,000000	0,000000	0,000000
8,372273	0,050129	8,271841	8,346188	8,352178	8,365704	8,373200	8,380433	8,387854	8,423848	8,449208	0,000000	0,000000	0,000000	0,000000	0,000000	0,000000	0,000000	0,000000	0,000000	0,000000	0,000000	0,000000	0,000000	0,000000	0,000000	0,000000	0,000000	0,000000	0,000000	0,000000	0,000000	0,000000	0,000000	0,000000	0,000000	0,000000
8,327489	0,183782	7,620786	8,264472	8,274978	8,291627	8,299752	8,309190	8,323691	8,333266	8,343091	8,357841	8,368408	8,380406	8,388133	8,402020	8,416967	8,426969	8,448582	8,457347	8,514760	0,000000	0,000000	0,000000	0,000000	0,000000	0,000000	0,000000	0,000000	0,000000	0,000000	0,000000	0,000000	0,000000	0,000000	0,000000	0,000000
8,391400	0,063484	8,316791	8,358324	8,366189	8,387364	8,418254	8,501480	0,000000	0,000000	0,000000	0,000000	0,000000	0,000000	0,000000	0,000000	0,000000	0,000000	0,000000	0,000000	0,000000	0,000000	0,000000	0,000000	0,000000	0,000000	0,000000	0,000000	0,000000	0,000000	0,000000	0,000000	0,000000	0,000000	0,000000	0,000000	0,000000
8,236910	0,247398	7,608460	7,648179	7,936788	8,241043	8,254148	8,262499	8,283230	8,304194	8,316474	8,328986	8,341090	8,346357	8,356984	8,370781	8,391403	8,401232	8,415202	8,457337	0,000000	0,000000	0,000000	0,000000	0,000000	0,000000	0,000000	0,000000	0,000000	0,000000	0,000000	0,000000	0,000000	0,000000	0,000000	0,000000	0,000000
8,246688	0,268848	7,362167	7,391728	7,819436	7,992528	8,188265	8,202465	8,224598	8,230534	8,248150	8,253766	8,269573	8,288337	8,294172	8,300749	8,308253	8,314941	8,322230	8,329134	8,335939	8,346258	8,359495	8,367029	8,378337	8,388942	8,397144	8,409622	8,424232	8,447387	8,469814	8,475634	8,506486	0,000000	0,000000	0,000000	0,000000
8,199965	0,267094	7,602132	7,636429	7,746140	8,050644	8,114713	8,253979	8,273194	8,290782	8,302002	8,313699	8,329097	8,339580	8,351960	8,364856	8,377554	8,388380	8,408628	8,455606	0,000000	0,000000	0,000000	0,000000	0,000000	0,000000	0,000000	0,000000	0,000000	0,000000	0,000000	0,000000	0,000000	0,000000	0,000000	0,000000	0,000000
8,370014	0,109404	8,013667	8,293626	8,301628	8,316058	8,326270	8,332339	8,348999	8,362755	8,370639	8,381579	8,389551	8,401434	8,405974	8,413976	8,430983	8,440711	8,454166	8,478762	8,567150	0,000000	0,000000	0,000000	0,000000	0,000000	0,000000	0,000000	0,000000	0,000000	0,000000	0,000000	0,000000	0,000000	0,000000	0,000000	0,000000
8,280954	0,160992	7,957900	7,992002	8,054701	8,073640	8,119676	8,152170	8,287777	8,315481	8,332959	8,340947	8,347059	8,354821	8,361467	8,370693	8,375020	8,390888	8,410352	8,433674	8,458963	8,488885	0,000000	0,000000	0,000000	0,000000	0,000000	0,000000	0,000000	0,000000	0,000000	0,000000	0,000000	0,000000	0,000000	0,000000	0,000000
8,061657	0,456743	7,534292	8,319947	8,330731	0,000000	0,000000	0,000000	0,000000	0,000000	0,000000	0,000000	0,000000	0,000000	0,000000	0,000000	0,000000	0,000000	0,000000	0,000000	0,000000	0,000000	0,000000	0,000000	0,000000	0,000000	0,000000	0,000000	0,000000	0,000000	0,000000	0,000000	0,000000	0,000000	0,000000	0,000000	0,000000
8,445886	0,231289	8,328554	8,344427	8,352064	8,357182	8,366234	8,386259	8,418100	9,014269	0,000000	0,000000	0,000000	0,000000	0,000000	0,000000	0,000000	0,000000	0,000000	0,000000	0,000000	0,000000	0,000000	0,000000	0,000000	0,000000	0,000000	0,000000	0,000000	0,000000	0,000000	0,000000	0,000000	0,000000	0,000000	0,000000	0,000000
