8,415544	0,124904	8,329579	8,338570	8,352339	8,360394	8,370613	8,385096	8,394725	8,406150	8,420169	8,434760	8,778588	0,000000	0,000000	0,000000	0,000000	0,000000	0,000000	0,000000	0,000000	0,000000	0,000000	0,000000	0,000000	0,000000	0,000000	0,000000	0,000000	0,000000	0,000000	0,000000	0,000000	0,000000	0,000000	0,000000	0,000000	0,000000
8,363582	0,056757	8,232255	8,292949	8,310211	8,316585	8,329741	8,335127	8,342723	8,351049	8,355588	8,364420	8,370623	8,392810	8,405883	8,414155	8,421153	8,425747	8,431347	8,452104	0,000000	0,000000	0,000000	0,000000	0,000000	0,000000	0,000000	0,000000	0,000000	0,000000	0,000000	0,000000	0,000000	0,000000	0,000000	0,000000	0,000000	0,000000
8,375865	0,014962	8,363373	8,371776	8,392446	0,000000	0,000000	0,000000	0,000000	0,000000	0,000000	0,000000	0,000000	0,000000	0,000000	0,000000	0,000000	0,000000	0,000000	0,000000	0,000000	0,000000	0,000000	0,000000	0,000000	0,000000	0,000000	0,000000	0,000000	0,000000	0,000000	0,000000	0,000000	0,000000	0,000000	0,000000	0,000000	0,000000
8,279849	0,206577	7,697437	8,303967	8,312252	8,324894	8,330917	8,339928	8,354836	8,363008	8,379712	8,391540	0,000000	0,000000	0,000000	0,000000	0,000000	0,000000	0,000000	0,000000	0,000000	0,000000	0,000000	0,000000	0,000000	0,000000	0,000000	0,000000	0,000000	0,000000	0,000000	0,000000	0,000000	0,000000	0,000000	0,000000	0,000000	0,000000
8,283720	0,154584	7,771518	7,911667	8,099365	8,180581	8,186442	8,195289	8,227678	8,242469	8,264520	8,270031	8,278715	8,298868	8,307478	8,314709	8,320641	8,328399	8,340074	8,349873	8,360270	8,368110	8,375881	8,380412	8,388943	8,397922	8,407753	8,427985	8,456099	8,492468	0,000000	0,000000	0,000000	0,000000	0,000000	0,000000	0,000000	0,000000
8,336857	0,052290	8,226873	8,275284	8,309512	8,319681	8,330598	8,345151	8,359735	8,369345	8,377717	8,388176	8,403352	0,000000	0,000000	0,000000	0,000000	0,000000	0,000000	0,000000	0,000000	0,000000	0,000000	0,000000	0,000000	0,000000	0,000000	0,000000	0,000000	0,000000	0,000000	0,000000	0,000000	0,000000	0,000000	0,000000	0,000000	0,000000
8,372445	0,041302	8,334984	8,358335	8,365174	8,431287	0,000000	0,000000	0,000000	0,000000	0,000000	0,000000	0,000000	0,000000	0,000000	0,000000	0,000000	0,000000	0,000000	0,000000	0,000000	0,000000	0,000000	0,000000	0,000000	0,000000	0,000000	0,000000	0,000000	0,000000	0,000000	0,000000	0,000000	0,000000	0,000000	0,000000	0,000000	0,000000
8,334793	0,065188	8,238374	8,273797	8,347771	8,366123	8,372862	8,409833	0,000000	0,000000	0,000000	0,000000	0,000000	0,000000	0,000000	0,000000	0,000000	0,000000	0,000000	0,000000	0,000000	0,000000	0,000000	0,000000	0,000000	0,000000	0,000000	0,000000	0,000000	0,000000	0,000000	0,000000	0,000000	0,000000	0,000000	0,000000	0,000000	0,000000
8,362563	0,092801	8,117046	8,270769	8,304824	8,311367	8,322312	8,329789	8,340920	8,347587	8,356879	8,374788	8,388219	8,397261	8,404349	8,409660	8,409909	8,415235	8,434174	8,591050	0,000000	0,000000	0,000000	0,000000	0,000000	0,000000	0,000000	0,000000	0,000000	0,000000	0,000000	0,000000	0,000000	0,000000	0,000000	0,000000	0,000000	0,000000
8,315395	0,122292	7,956278	8,087582	8,139546	8,203316	8,231224	8,241532	8,251980	8,261974	8,281293	8,299248	8,313541	8,319776	8,327953	8,349107	8,358072	8,371921	8,379719	8,388224	8,395827	8,403464	8,410693	8,417082	8,424363	8,436750	8,445030	8,504782	0,000000	0,000000	0,000000	0,000000	0,000000	0,000000	0,000000	0,000000	0,000000	0,000000
8,428954	0,186924	8,300838	8,308137	8,324128	8,336847	8,354183	8,365152	8,377856	8,386769	8,394720	8,401658	8,414982	8,422065	8,428466	8,470056	8,474948	9,102458	0,000000	0,000000	0,000000	0,000000	0,000000	0,000000	0,000000	0,000000	0,000000	0,000000	0,000000	0,000000	0,000000	0,000000	0,000000	0,000000	0,000000	0,000000	0,000000	0,000000
8,361976	0,110030	8,061477	8,290099	8,300126	8,310766	8,318963	8,329456	8,337062	8,342670	8,359254	8,369634	8,380453	8,391805	8,404357	8,421831	8,428633	8,512246	8,594763	0,000000	0,000000	0,000000	0,000000	0,000000	0,000000	0,000000	0,000000	0,000000	0,000000	0,000000	0,000000	0,000000	0,000000	0,000000	0,000000	0,000000	0,000000	0,000000
8,332729	0,075166	8,176361	8,202726	8,229589	8,269739	8,291289	8,305701	8,314076	8,331249	8,335967	8,354786	8,369126	8,373783	8,380681	8,390708	8,400553	8,411219	8,421120	8,430455	0,000000	0,000000	0,000000	0,000000	0,000000	0,000000	0,000000	0,000000	0,000000	0,000000	0,000000	0,000000	0,000000	0,000000	0,000000	0,000000	0,000000	0,000000
8,375667	0,043069	8,325459	8,333267	8,339191	8,347018	8,355020	8,360841	8,373807	8,382998	8,390296	8,397885	8,427231	8,474989	0,000000	0,000000	0,000000	0,000000	0,000000	0,000000	0,000000	0,000000	0,000000	0,000000	0,000000	0,000000	0,000000	0,000000	0,000000	0,000000	0,000000	0,000000	0,000000	0,000000	0,000000	0,000000	0,000000	0,000000
8,360895	0,082555	8,182354	8,318164	8,342777	8,357457	8,375873	8,385869	8,393727	8,400663	8,491170	0,000000	0,000000	0,000000	0,000000	0,000000	0,000000	0,000000	0,000000	0,000000	0,000000	0,000000	0,000000	0,000000	0,000000	0,000000	0,000000	0,000000	0,000000	0,000000	0,000000	0,000000	0,000000	0,000000	0,000000	0,000000	0,000000	0,000000
8,242786	0,279915	7,507664	7,621452	7,646196	8,007004	8,042050	8,233929	8,263461	8,282785	8,298724	8,315371	8,322261	8,328556	8,344265	8,350938	8,357232	8,372489	8,381032	8,388764	8,402804	8,414231	8,427555	8,449262	8,482222	8,586622	0,000000	0,000000	0,000000	0,000000	0,000000	0,000000	0,000000	0,000000	0,000000	0,000000	0,000000	0,000000
8,406383	0,140370	8,300987	8,313223	8,322677	8,328419	8,338904	8,341907	8,354229	8,358339	8,368017	8,374335	8,382689	8,396088	8,403641	8,409609	8,415572	8,429758	8,433557	8,500057	8,949272	0,000000	0,000000	0,000000	0,000000	0,000000	0,000000	0,000000	0,000000	0,000000	0,000000	0,000000	0,000000	0,000000	0,000000	0,000000	0,000000	0,000000
8,348637	0,108694	8,077584	8,207398	8,219840	8,233661	8,287992	8,303384	8,310140	8,318402	8,330749	8,335832	8,344178	8,349590	8,363613	8,364918	8,372738	8,380183	8,380371	8,385765	8,404061	8,441785	8,488469	8,515392	8,602610	0,000000	0,000000	0,000000	0,000000	0,000000	0,000000	0,000000	0,000000	0,000000	0,000000	0,000000	0,000000	0,000000
8,359613	0,057054	8,307144	8,317624	8,332790	8,337705	8,358440	8,390596	8,472990	0,000000	0,000000	0,000000	0,000000	0,000000	0,000000	0,000000	0,000000	0,000000	0,000000	0,000000	0,000000	0,000000	0,000000	0,000000	0,000000	0,000000	0,000000	0,000000	0,000000	0,000000	0,000000	0,000000	0,000000	0,000000	0,000000	0,000000	0,000000	0,000000
8,342779	0,030979	8,287142	8,323210	8,336604	8,348076	8,355765	8,369129	8,379528	0,000000	0,000000	0,000000	0,000000	0,000000	0,000000	0,000000	0,000000	0,000000	0,000000	0,000000	0,000000	0,000000	0,000000	0,000000	0,000000	0,000000	0,000000	0,000000	0,000000	0,000000	0,000000	0,000000	0,000000	0,000000	0,000000	0,000000	0,000000	0,000000
8,341321	0,104271	8,114842	8,296800	8,306532	8,324523	8,331621	8,350017	8,364732	8,376833	8,418515	8,528794	0,000000	0,000000	0,000000	0,000000	0,000000	0,000000	0,000000	0,000000	0,000000	0,000000	0,000000	0,000000	0,000000	0,000000	0,000000	0,000000	0,000000	0,000000	0,000000	0,000000	0,000000	0,000000	0,000000	0,000000	0,000000	0,000000
8,384323	0,082540	8,231237	8,327365	8,339968	8,346795	8,353462	8,360086	8,364748	8,379132	8,392991	8,399636	8,442512	8,483787	8,574481	0,000000	0,000000	0,000000	0,000000	0,000000	0,000000	0,000000	0,000000	0,000000	0,000000	0,000000	0,000000	0,000000	0,000000	0,000000	0,000000	0,000000	0,000000	0,000000	0,000000	0,000000	0,000000	0,000000
8,343570	0,016226	8,325444	8,348524	8,356741	0,000000	0,000000	0,000000	0,000000	0,000000	0,000000	0,000000	0,000000	0,000000	0,000000	0,000000	0,000000	0,000000	0,000000	0,000000	0,000000	0,000000	0,000000	0,000000	0,000000	0,000000	0,000000	0,000000	0,000000	0,000000	0,000000	0,000000	0,000000	0,000000	0,000000	0,000000	0,000000	0,000000
8,365835	0,143996	8,219727	8,287030	8,294408	8,307994	8,313740	8,322266	8,333361	8,345718	8,350611	8,356554	8,370346	8,385307	8,393396	8,841230	0,000000	0,000000	0,000000	0,000000	0,000000	0,000000	0,000000	0,000000	0,000000	0,000000	0,000000	0,000000	0,000000	0,000000	0,000000	0,000000	0,000000	0,000000	0,000000	0,000000	0,000000	0,000000
8,362019	0,039744	8,280448	8,318864	8,332540	8,344119	8,352165	8,358258	8,370321	8,377810	8,381942	8,402319	8,406506	8,418943	0,000000	0,000000	0,000000	0,000000	0,000000	0,000000	0,000000	0,000000	0,000000	0,000000	0,000000	0,000000	0,000000	0,000000	0,000000	0,000000	0,000000	0,000000	0,000000	0,000000	0,000000	0,000000	0,000000	0,000000
8,355075	0,139422	7,955362	8,218426	8,304210	8,312547	8,321035	8,328422	8,343634	8,349524	8,360357	8,371968	8,378769	8,386762	8,394232	8,402069	8,415387	8,592413	8,601163	0,000000	0,000000	0,000000	0,000000	0,000000	0,000000	0,000000	0,000000	0,000000	0,000000	0,000000	0,000000	0,000000	0,000000	0,000000	0,000000	0,000000	0,000000	0,000000
8,340258	0,146003	7,932240	8,010732	8,301650	8,319907	8,328811	8,341159	8,347940	8,356578	8,369002	8,377442	8,386688	8,395900	8,399862	8,408965	8,419755	8,426540	8,456287	8,545193	0,000000	0,000000	0,000000	0,000000	0,000000	0,000000	0,000000	0,000000	0,000000	0,000000	0,000000	0,000000	0,000000	0,000000	0,000000	0,000000	0,000000	0,000000
8,382457	0,043321	8,331723	8,344532	8,350709	8,358616	8,366926	8,398789	8,408345	8,415383	8,467091	0,000000	0,000000	0,000000	0,000000	0,000000	0,000000	0,000000	0,000000	0,000000	0,000000	0,000000	0,000000	0,000000	0,000000	0,000000	0,000000	0,000000	0,000000	0,000000	0,000000	0,000000	0,000000	0,000000	0,000000	0,000000	0,000000	0,000000
8,262240	0,248233	7,442072	7,813666	7,961686	8,018376	8,053366	8,167354	8,212454	8,253557	8,277245	8,305859	8,319277	8,329197	8,335086	8,345180	8,352101	8,364397	8,373167	8,382384	8,386753	8,393454	8,413086	8,455338	8,469552	8,485809	8,645594	0,000000	0,000000	0,000000	0,000000	0,000000	0,000000	0,000000	0,000000	0,000000	0,000000	0,000000
8,368434	0,048180	8,302131	8,311733	8,321447	8,327770	8,334142	8,347111	8,358833	8,366336	8,385827	8,394572	8,403744	8,412837	8,425757	8,465835	0,000000	0,000000	0,000000	0,000000	0,000000	0,000000	0,000000	0,000000	0,000000	0,000000	0,000000	0,000000	0,000000	0,000000	0,000000	0,000000	0,000000	0,000000	0,000000	0,000000	0,000000	0,000000
8,300730	0,080017	8,182494	8,324244	8,338354	8,357827	0,000000	0,000000	0,000000	0,000000	0,000000	0,000000	0,000000	0,000000	0,000000	0,000000	0,000000	0,000000	0,000000	0,000000	0,000000	0,000000	0,000000	0,000000	0,000000	0,000000	0,000000	0,000000	0,000000	0,000000	0,000000	0,000000	0,000000	0,000000	0,000000	0,000000	0,000000	0,000000
8,304541	0,172594	7,892964	8,107093	8,328582	8,342205	8,349537	8,367075	8,380446	8,394912	8,426268	8,456329	0,000000	0,000000	0,000000	0,000000	0,000000	0,000000	0,000000	0,000000	0,000000	0,000000	0,000000	0,000000	0,000000	0,000000	0,000000	0,000000	0,000000	0,000000	0,000000	0,000000	0,000000	0,000000	0,000000	0,000000	0,000000	0,000000
8,309081	0,205337	7,475786	7,975328	8,085530	8,166231	8,204796	8,238310	8,249556	8,275854	8,288188	8,293970	8,303611	8,309641	8,322613	8,332117	8,346183	8,353908	8,365341	8,383147	8,389028	8,394860	8,400737	8,408853	8,434246	8,440083	8,447875	8,470858	8,484216	8,527847	8,594639	0,000000	0,000000	0,000000	0,000000	0,000000	0,000000	0,000000
8,310679	0,128071	7,818467	8,201674	8,214889	8,255014	8,270082	8,283344	8,295260	8,302720	8,312007	8,319067	8,325196	8,332675	8,340522	8,346196	8,360240	8,374474	8,386238	8,397735	8,412144	8,418138	8,426914	8,441952	0,000000	0,000000	0,000000	0,000000	0,000000	0,000000	0,000000	0,000000	0,000000	0,000000	0,000000	0,000000	0,000000	0,000000
8,200144	0,306867	7,408892	7,441510	7,453377	7,948861	8,070437	8,120963	8,167731	8,196852	8,213080	8,261365	8,292512	8,309550	8,317751	8,325044	8,331576	8,339927	8,343891	8,357797	8,365866	8,373003	8,386255	8,410746	8,419011	8,431184	8,441545	8,475015	0,000000	0,000000	0,000000	0,000000	0,000000	0,000000	0,000000	0,000000	0,000000	0,000000
8,259145	0,197516	7,553838	7,759519	8,137870	8,183667	8,191518	8,205208	8,224863	8,238612	8,249703	8,272495	8,282441	8,290694	8,303855	8,312633	8,320642	8,334222	8,342008	8,349889	8,356886	8,363563	8,377195	8,384350	8,393815	8,399723	8,412861	8,495706	0,000000	0,000000	0,000000	0,000000	0,000000	0,000000	0,000000	0,000000	0,000000	0,000000
8,359052	0,034655	8,306551	8,321577	8,330996	8,340757	8,345907	8,351579	8,364870	8,378472	8,389533	8,405431	8,413896	0,000000	0,000000	0,000000	0,000000	0,000000	0,000000	0,000000	0,000000	0,000000	0,000000	0,000000	0,000000	0,000000	0,000000	0,000000	0,000000	0,000000	0,000000	0,000000	0,000000	0,000000	0,000000	0,000000	0,000000	0,000000
8,327038	0,176607	7,761980	8,176337	8,253812	8,304756	8,314582	8,327139	8,338589	8,351620	8,359646	8,371349	8,379229	8,388373	8,403199	8,412155	8,516669	8,573167	0,000000	0,000000	0,000000	0,000000	0,000000	0,000000	0,000000	0,000000	0,000000	0,000000	0,000000	0,000000	0,000000	0,000000	0,000000	0,000000	0,000000	0,000000	0,000000	0,000000
8,355947	0,076999	8,220633	8,230543	8,262825	8,311507	8,323322	8,337848	8,348884	8,361655	8,367218	8,376223	8,382030	8,390270	8,398474	8,405984	8,469769	8,507968	0,000000	0,000000	0,000000	0,000000	0,000000	0,000000	0,000000	0,000000	0,000000	0,000000	0,000000	0,000000	0,000000	0,000000	0,000000	0,000000	0,000000	0,000000	0,000000	0,000000
8,315184	0,196786	7,603213	8,081134	8,155071	8,276336	8,295853	8,304201	8,306878	8,316101	8,325053	8,336017	8,348411	8,356044	8,364362	8,378579	8,389304	8,398037	8,405770	8,419019	8,425063	8,517713	8,616713	0,000000	0,000000	0,000000	0,000000	0,000000	0,000000	0,000000	0,000000	0,000000	0,000000	0,000000	0,000000	0,000000	0,000000	0,000000
8,327341	0,098227	8,153489	8,179414	8,252226	8,297920	8,327626	8,335992	8,345555	8,356532	8,364477	8,384088	8,423259	8,507511	0,000000	0,000000	0,000000	0,000000	0,000000	0,000000	0,000000	0,000000	0,000000	0,000000	0,000000	0,000000	0,000000	0,000000	0,000000	0,000000	0,000000	0,000000	0,000000	0,000000	0,000000	0,000000	0,000000	0,000000
8,355714	0,039363	8,300809	8,306626	8,319792	8,334524	8,343277	8,349205	8,356533	8,364203	8,371717	8,384848	8,400941	8,436091	0,000000	0,000000	0,000000	0,000000	0,000000	0,000000	0,000000	0,000000	0,000000	0,000000	0,000000	0,000000	0,000000	0,000000	0,000000	0,000000	0,000000	0,000000	0,000000	0,000000	0,000000	0,000000	0,000000	0,000000
8,400538	0,103976	8,312429	8,320451	8,345171	8,352747	8,359646	8,372645	8,383008	8,433809	8,459556	8,665915	0,000000	0,000000	0,000000	0,000000	0,000000	0,000000	0,000000	0,000000	0,000000	0,000000	0,000000	0,000000	0,000000	0,000000	0,000000	0,000000	0,000000	0,000000	0,000000	0,000000	0,000000	0,000000	0,000000	0,000000	0,000000	0,000000
8,339572	0,084492	8,195541	8,206258	8,218928	8,240174	8,258529	8,286521	8,302472	8,312756	8,326807	8,336783	8,342042	8,347167	8,359792	8,370478	8,385430	8,403473	8,419183	8,433666	8,448350	8,454545	8,482114	0,000000	0,000000	0,000000	0,000000	0,000000	0,000000	0,000000	0,000000	0,000000	0,000000	0,000000	0,000000	0,000000	0,000000	0,000000
8,322752	0,178401	7,710077	8,244395	8,270534	8,296370	8,304626	8,314470	8,324049	8,335845	8,349521	8,375338	8,401406	8,413179	8,419469	8,444691	8,466616	8,493439	0,000000	0,000000	0,000000	0,000000	0,000000	0,000000	0,000000	0,000000	0,000000	0,000000	0,000000	0,000000	0,000000	0,000000	0,000000	0,000000	0,000000	0,000000	0,000000	0,000000
8,339557	0,042594	8,273122	8,279208	8,311336	8,331577	8,339208	8,345208	8,357050	8,371719	8,383448	8,403696	0,000000	0,000000	0,000000	0,000000	0,000000	0,000000	0,000000	0,000000	0,000000	0,000000	0,000000	0,000000	0,000000	0,000000	0,000000	0,000000	0,000000	0,000000	0,000000	0,000000	0,000000	0,000000	0,000000	0,000000	0,000000	0,000000
8,269459	0,166989	7,835329	7,944496	7,981942	8,008414	8,142099	8,182562	8,210669	8,229783	8,293938	8,303033	8,309244	8,315770	8,323112	8,329169	8,342093	8,348191	8,356810	8,368560	8,381479	8,394009	8,402479	8,410042	8,424353	8,434766	8,464139	0,000000	0,000000	0,000000	0,000000	0,000000	0,000000	0,000000	0,000000	0,000000	0,000000	0,000000
8,335376	0,140921	7,884770	8,318128	8,325817	8,334064	8,343948	8,356544	8,369197	8,375629	8,382428	8,387736	8,404832	8,421426	8,455368	0,000000	0,000000	0,000000	0,000000	0,000000	0,000000	0,000000	0,000000	0,000000	0,000000	0,000000	0,000000	0,000000	0,000000	0,000000	0,000000	0,000000	0,000000	0,000000	0,000000	0,000000	0,000000	0,000000
8,354527	0,119388	8,246281	8,292067	8,313840	8,326912	8,339592	8,349176	8,613821	0,000000	0,000000	0,000000	0,000000	0,000000	0,000000	0,000000	0,000000	0,000000	0,000000	0,000000	0,000000	0,000000	0,000000	0,000000	0,000000	0,000000	0,000000	0,000000	0,000000	0,000000	0,000000	0,000000	0,000000	0,000000	0,000000	0,000000	0,000000	0,000000
8,277934	0,197955	7,816188	7,846882	8,231939	8,240541	8,328738	8,333531	8,343729	8,357570	8,363953	8,378838	8,395660	8,402240	8,422040	8,429232	0,000000	0,000000	0,000000	0,000000	0,000000	0,000000	0,000000	0,000000	0,000000	0,000000	0,000000	0,000000	0,000000	0,000000	0,000000	0,000000	0,000000	0,000000	0,000000	0,000000	0,000000	0,000000
8,316794	0,170246	8,007653	8,041753	8,072934	8,137536	8,171066	8,229965	8,240639	8,259362	8,268626	8,284668	8,298577	8,308101	8,322215	8,331917	8,350636	8,362216	8,368011	8,380686	8,391625	8,397626	8,404122	8,418146	8,422616	8,664685	8,784480	0,000000	0,000000	0,000000	0,000000	0,000000	0,000000	0,000000	0,000000	0,000000	0,000000	0,000000
8,343141	0,228758	7,720176	8,132197	8,227711	8,273349	8,299937	8,306020	8,312537	8,324808	8,334274	8,339875	8,349632	8,359484	8,373011	8,378139	8,385838	8,402061	8,420102	8,425952	8,441308	9,056411	0,000000	0,000000	0,000000	0,000000	0,000000	0,000000	0,000000	0,000000	0,000000	0,000000	0,000000	0,000000	0,000000	0,000000	0,000000	0,000000
8,285754	0,283466	7,473586	7,493463	8,134707	8,140157	8,174289	8,196773	8,202599	8,213672	8,242142	8,259626	8,286157	8,299126	8,314230	8,323563	8,330172	8,342748	8,357565	8,367035	8,377346	8,396957	8,408547	8,416511	8,427607	8,435117	8,525733	8,636326	8,939614	0,000000	0,000000	0,000000	0,000000	0,000000	0,000000	0,000000	0,000000	0,000000
8,274177	0,247066	7,426249	8,040330	8,051244	8,087963	8,123452	8,141224	8,177147	8,275763	8,317775	8,324068	8,329942	8,337695	8,357297	8,364883	8,371373	8,379710	8,404309	8,409363	8,437622	8,478761	8,515899	8,679835	0,000000	0,000000	0,000000	0,000000	0,000000	0,000000	0,000000	0,000000	0,000000	0,000000	0,000000	0,000000	0,000000	0,000000
8,245233	0,255631	7,440740	7,585781	8,085792	8,092799	8,133568	8,155116	8,233730	8,248588	8,258465	8,278714	8,294822	8,306514	8,311652	8,322084	8,338524	8,343815	8,359672	8,374347	8,390772	8,405516	8,410585	8,433704	8,510108	8,570190	0,000000	0,000000	0,000000	0,000000	0,000000	0,000000	0,000000	0,000000	0,000000	0,000000	0,000000	0,000000
8,323213	0,231523	7,752414	7,787070	8,240932	8,254539	8,291776	8,298267	8,313796	8,321253	8,328882	8,339517	8,351889	8,359633	8,369316	8,385120	8,394812	8,401874	8,436289	8,460116	8,495958	8,880811	0,000000	0,000000	0,000000	0,000000	0,000000	0,000000	0,000000	0,000000	0,000000	0,000000	0,000000	0,000000	0,000000	0,000000	0,000000	0,000000
8,344922	0,013845	8,335132	8,354712	0,000000	0,000000	0,000000	0,000000	0,000000	0,000000	0,000000	0,000000	0,000000	0,000000	0,000000	0,000000	0,000000	0,000000	0,000000	0,000000	0,000000	0,000000	0,000000	0,000000	0,000000	0,000000	0,000000	0,000000	0,000000	0,000000	0,000000	0,000000	0,000000	0,000000	0,000000	0,000000	0,000000	0,000000
8,352875	0,043617	8,298912	8,325698	8,356011	8,370585	8,413170	0,000000	0,000000	0,000000	0,000000	0,000000	0,000000	0,000000	0,000000	0,000000	0,000000	0,000000	0,000000	0,000000	0,000000	0,000000	0,000000	0,000000	0,000000	0,000000	0,000000	0,000000	0,000000	0,000000	0,000000	0,000000	0,000000	0,000000	0,000000	0,000000	0,000000	0,000000
8,366280	0,013821	8,356507	8,376052	0,000000	0,000000	0,000000	0,000000	0,000000	0,000000	0,000000	0,000000	0,000000	0,000000	0,000000	0,000000	0,000000	0,000000	0,000000	0,000000	0,000000	0,000000	0,000000	0,000000	0,000000	0,000000	0,000000	0,000000	0,000000	0,000000	0,000000	0,000000	0,000000	0,000000	0,000000	0,000000	0,000000	0,000000
8,355701	0,088785	8,138028	8,283178	8,315928	8,325359	8,331035	8,338353	8,359564	8,371396	8,382607	8,402329	8,428011	8,441857	8,506465	0,000000	0,000000	0,000000	0,000000	0,000000	0,000000	0,000000	0,000000	0,000000	0,000000	0,000000	0,000000	0,000000	0,000000	0,000000	0,000000	0,000000	0,000000	0,000000	0,000000	0,000000	0,000000	0,000000
8,338482	0,214075	7,763342	7,988794	7,994982	8,308224	8,318434	8,329593	8,344998	8,351273	8,365302	8,377967	8,384429	8,391801	8,410576	8,415861	8,429820	8,474747	8,523134	8,583741	8,674141	0,000000	0,000000	0,000000	0,000000	0,000000	0,000000	0,000000	0,000000	0,000000	0,000000	0,000000	0,000000	0,000000	0,000000	0,000000	0,000000	0,000000
8,370563	0,052301	8,311589	8,319839	8,326656	8,344339	8,354052	8,362970	8,378261	8,401876	8,430867	8,475183	0,000000	0,000000	0,000000	0,000000	0,000000	0,000000	0,000000	0,000000	0,000000	0,000000	0,000000	0,000000	0,000000	0,000000	0,000000	0,000000	0,000000	0,000000	0,000000	0,000000	0,000000	0,000000	0,000000	0,000000	0,000000	0,000000
8,285890	0,166039	7,957599	7,988670	8,300982	8,309445	8,319725	8,329823	8,334232	8,341740	8,355746	8,385387	8,521437	0,000000	0,000000	0,000000	0,000000	0,000000	0,000000	0,000000	0,000000	0,000000	0,000000	0,000000	0,000000	0,000000	0,000000	0,000000	0,000000	0,000000	0,000000	0,000000	0,000000	0,000000	0,000000	0,000000	0,000000	0,000000
8,314087	0,084840	8,111865	8,198217	8,226729	8,246826	8,282086	8,314028	8,320260	8,327153	8,331850	8,338899	8,351209	8,359078	8,373871	8,389439	8,402425	8,451460	0,000000	0,000000	0,000000	0,000000	0,000000	0,000000	0,000000	0,000000	0,000000	0,000000	0,000000	0,000000	0,000000	0,000000	0,000000	0,000000	0,000000	0,000000	0,000000	0,000000
8,280065	0,217422	7,682085	7,884431	8,005616	8,058837	8,143535	8,202720	8,284681	8,294649	8,302853	8,314641	8,323051	8,334471	8,343027	8,352116	8,365727	8,381571	8,387778	8,406811	8,440161	8,458792	8,525848	8,668033	0,000000	0,000000	0,000000	0,000000	0,000000	0,000000	0,000000	0,000000	0,000000	0,000000	0,000000	0,000000	0,000000	0,000000
8,333490	0,014915	8,316934	8,337660	8,345876	0,000000	0,000000	0,000000	0,000000	0,000000	0,000000	0,000000	0,000000	0,000000	0,000000	0,000000	0,000000	0,000000	0,000000	0,000000	0,000000	0,000000	0,000000	0,000000	0,000000	0,000000	0,000000	0,000000	0,000000	0,000000	0,000000	0,000000	0,000000	0,000000	0,000000	0,000000	0,000000	0,000000
8,326401	NaN	8,326401	0,000000	0,000000	0,000000	0,000000	0,000000	0,000000	0,000000	0,000000	0,000000	0,000000	0,000000	0,000000	0,000000	0,000000	0,000000	0,000000	0,000000	0,000000	0,000000	0,000000	0,000000	0,000000	0,000000	0,000000	0,000000	0,000000	0,000000	0,000000	0,000000	0,000000	0,000000	0,000000	0,000000	0,000000	0,000000
8,279192	0,158624	7,885225	8,198080	8,297294	8,319327	8,334728	8,341214	8,358183	8,381262	8,397417	0,000000	0,000000	0,000000	0,000000	0,000000	0,000000	0,000000	0,000000	0,000000	0,000000	0,000000	0,000000	0,000000	0,000000	0,000000	0,000000	0,000000	0,000000	0,000000	0,000000	0,000000	0,000000	0,000000	0,000000	0,000000	0,000000	0,000000
8,420347	0,206515	8,197187	8,284427	8,303638	8,319549	8,331447	8,338826	8,343598	8,350968	8,356386	8,368371	8,381864	8,404217	8,452039	8,581846	8,623306	9,087884	0,000000	0,000000	0,000000	0,000000	0,000000	0,000000	0,000000	0,000000	0,000000	0,000000	0,000000	0,000000	0,000000	0,000000	0,000000	0,000000	0,000000	0,000000	0,000000	0,000000
8,351677	0,028758	8,304983	8,317620	8,331652	8,337866	8,348023	8,358977	8,367966	8,372645	8,384988	8,392051	0,000000	0,000000	0,000000	0,000000	0,000000	0,000000	0,000000	0,000000	0,000000	0,000000	0,000000	0,000000	0,000000	0,000000	0,000000	0,000000	0,000000	0,000000	0,000000	0,000000	0,000000	0,000000	0,000000	0,000000	0,000000	0,000000
8,364401	0,038031	8,317047	8,341946	8,355757	8,364137	8,378146	8,429373	0,000000	0,000000	0,000000	0,000000	0,000000	0,000000	0,000000	0,000000	0,000000	0,000000	0,000000	0,000000	0,000000	0,000000	0,000000	0,000000	0,000000	0,000000	0,000000	0,000000	0,000000	0,000000	0,000000	0,000000	0,000000	0,000000	0,000000	0,000000	0,000000	0,000000
8,314134	0,136646	7,972354	8,048204	8,205527	8,224734	8,310733	8,318395	8,325417	8,339299	8,347349	8,352527	8,364908	8,373012	8,381249	8,391639	8,403859	8,465845	8,515237	0,000000	0,000000	0,000000	0,000000	0,000000	0,000000	0,000000	0,000000	0,000000	0,000000	0,000000	0,000000	0,000000	0,000000	0,000000	0,000000	0,000000	0,000000	0,000000
8,379453	0,099431	8,311000	8,319669	8,326181	8,334318	8,354485	8,360544	8,370524	8,375246	8,389876	8,652687	0,000000	0,000000	0,000000	0,000000	0,000000	0,000000	0,000000	0,000000	0,000000	0,000000	0,000000	0,000000	0,000000	0,000000	0,000000	0,000000	0,000000	0,000000	0,000000	0,000000	0,000000	0,000000	0,000000	0,000000	0,000000	0,000000
8,319464	0,156008	7,854954	7,985975	8,174874	8,264579	8,275294	8,283452	8,302536	8,310819	8,321986	8,327933	8,344523	8,352798	8,359709	8,374833	8,383449	8,392728	8,400589	8,408600	8,416691	8,423920	8,451223	8,616755	0,000000	0,000000	0,000000	0,000000	0,000000	0,000000	0,000000	0,000000	0,000000	0,000000	0,000000	0,000000	0,000000	0,000000
8,342633	0,106090	8,055267	8,141125	8,251126	8,313537	8,322232	8,329185	8,337686	8,343253	8,356752	8,363253	8,376659	8,386526	8,392518	8,405829	8,419221	8,428715	8,447355	8,497156	0,000000	0,000000	0,000000	0,000000	0,000000	0,000000	0,000000	0,000000	0,000000	0,000000	0,000000	0,000000	0,000000	0,000000	0,000000	0,000000	0,000000	0,000000
8,199817	0,339409	7,419434	7,506913	7,531056	7,568651	7,652885	7,754838	7,827065	7,954476	8,095987	8,158351	8,186314	8,201382	8,222014	8,233343	8,247295	8,279713	8,286952	8,293576	8,307992	8,320776	8,326019	8,333259	8,345972	8,356249	8,365389	8,373892	8,380184	8,390583	8,404464	8,413040	8,423434	8,455636	8,463808	8,471124	8,742955	8,898382
8,372129	0,023064	8,342382	8,363185	8,370888	8,378603	8,405588	0,000000	0,000000	0,000000	0,000000	0,000000	0,000000	0,000000	0,000000	0,000000	0,000000	0,000000	0,000000	0,000000	0,000000	0,000000	0,000000	0,000000	0,000000	0,000000	0,000000	0,000000	0,000000	0,000000	0,000000	0,000000	0,000000	0,000000	0,000000	0,000000	0,000000	0,000000
8,210295	0,418636	7,365214	7,390415	8,317919	8,335533	8,345776	8,357343	8,365850	8,370962	8,385477	8,510577	8,568183	0,000000	0,000000	0,000000	0,000000	0,000000	0,000000	0,000000	0,000000	0,000000	0,000000	0,000000	0,000000	0,000000	0,000000	0,000000	0,000000	0,000000	0,000000	0,000000	0,000000	0,000000	0,000000	0,000000	0,000000	0,000000
8,350549	0,073177	8,155885	8,277143	8,293362	8,321879	8,327409	8,335073	8,346921	8,360216	8,373219	8,378114	8,394532	8,401121	8,408342	8,423899	8,461114	0,000000	0,000000	0,000000	0,000000	0,000000	0,000000	0,000000	0,000000	0,000000	0,000000	0,000000	0,000000	0,000000	0,000000	0,000000	0,000000	0,000000	0,000000	0,000000	0,000000	0,000000
8,333048	0,041404	8,254192	8,296817	8,307325	8,332225	8,339597	8,346607	8,360695	8,372113	8,387857	0,000000	0,000000	0,000000	0,000000	0,000000	0,000000	0,000000	0,000000	0,000000	0,000000	0,000000	0,000000	0,000000	0,000000	0,000000	0,000000	0,000000	0,000000	0,000000	0,000000	0,000000	0,000000	0,000000	0,000000	0,000000	0,000000	0,000000
8,343384	0,017444	8,326795	8,334074	8,345951	8,366717	0,000000	0,000000	0,000000	0,000000	0,000000	0,000000	0,000000	0,000000	0,000000	0,000000	0,000000	0,000000	0,000000	0,000000	0,000000	0,000000	0,000000	0,000000	0,000000	0,000000	0,000000	0,000000	0,000000	0,000000	0,000000	0,000000	0,000000	0,000000	0,000000	0,000000	0,000000	0,000000
8,279917	0,170527	7,621175	8,160086	8,193857	8,235499	8,249413	8,260115	8,267298	8,290410	8,303416	8,310986	8,325398	8,333658	8,345469	8,350280	8,363945	8,374343	8,385778	8,396163	8,410749	8,420295	0,000000	0,000000	0,000000	0,000000	0,000000	0,000000	0,000000	0,000000	0,000000	0,000000	0,000000	0,000000	0,000000	0,000000	0,000000	0,000000
8,365258	0,040686	8,324166	8,335143	8,340323	8,354337	8,359265	8,373447	8,381298	8,454086	0,000000	0,000000	0,000000	0,000000	0,000000	0,000000	0,000000	0,000000	0,000000	0,000000	0,000000	0,000000	0,000000	0,000000	0,000000	0,000000	0,000000	0,000000	0,000000	0,000000	0,000000	0,000000	0,000000	0,000000	0,000000	0,000000	0,000000	0,000000
8,221954	0,272951	7,353798	7,532087	8,026737	8,127076	8,158036	8,223951	8,230278	8,249757	8,284867	8,293539	8,305172	8,319870	8,332192	8,339357	8,346688	8,353185	8,363267	8,371485	8,386683	8,404551	8,424379	8,456043	0,000000	0,000000	0,000000	0,000000	0,000000	0,000000	0,000000	0,000000	0,000000	0,000000	0,000000	0,000000	0,000000	0,000000
8,344791	0,024545	8,310691	8,345792	8,354422	8,368258	0,000000	0,000000	0,000000	0,000000	0,000000	0,000000	0,000000	0,000000	0,000000	0,000000	0,000000	0,000000	0,000000	0,000000	0,000000	0,000000	0,000000	0,000000	0,000000	0,000000	0,000000	0,000000	0,000000	0,000000	0,000000	0,000000	0,000000	0,000000	0,000000	0,000000	0,000000	0,000000
8,338957	0,040748	8,255919	8,289513	8,312916	8,326251	8,338607	8,347811	8,354320	8,360044	8,366294	8,384966	8,391883	0,000000	0,000000	0,000000	0,000000	0,000000	0,000000	0,000000	0,000000	0,000000	0,000000	0,000000	0,000000	0,000000	0,000000	0,000000	0,000000	0,000000	0,000000	0,000000	0,000000	0,000000	0,000000	0,000000	0,000000	0,000000
8,401228	0,066323	8,338769	8,346741	8,353431	8,359546	8,377866	8,407888	8,431407	8,451974	8,543432	0,000000	0,000000	0,000000	0,000000	0,000000	0,000000	0,000000	0,000000	0,000000	0,000000	0,000000	0,000000	0,000000	0,000000	0,000000	0,000000	0,000000	0,000000	0,000000	0,000000	0,000000	0,000000	0,000000	0,000000	0,000000	0,000000	0,000000
8,372688	0,035170	8,332060	8,338331	8,346054	8,357869	8,367475	8,380850	8,384751	8,404001	8,442798	0,000000	0,000000	0,000000	0,000000	0,000000	0,000000	0,000000	0,000000	0,000000	0,000000	0,000000	0,000000	0,000000	0,000000	0,000000	0,000000	0,000000	0,000000	0,000000	0,000000	0,000000	0,000000	0,000000	0,000000	0,000000	0,000000	0,000000
8,288580	0,214434	7,624739	7,789720	7,836327	8,097917	8,184879	8,212736	8,222679	8,232664	8,256672	8,293465	8,304807	8,310975	8,317818	8,325726	8,333417	8,339806	8,347714	8,353418	8,359709	8,372863	8,381279	8,389379	8,396317	8,408121	8,417088	8,424949	8,433011	8,447895	8,576053	8,665266	0,000000	0,000000	0,000000	0,000000	0,000000	0,000000
8,360593	0,040955	8,303259	8,314675	8,331410	8,338277	8,353393	8,367871	8,374839	8,382857	8,402853	8,436496	0,000000	0,000000	0,000000	0,000000	0,000000	0,000000	0,000000	0,000000	0,000000	0,000000	0,000000	0,000000	0,000000	0,000000	0,000000	0,000000	0,000000	0,000000	0,000000	0,000000	0,000000	0,000000	0,000000	0,000000	0,000000	0,000000
8,367687	0,046427	8,297053	8,344570	8,357749	8,383722	8,388533	8,434496	0,000000	0,000000	0,000000	0,000000	0,000000	0,000000	0,000000	0,000000	0,000000	0,000000	0,000000	0,000000	0,000000	0,000000	0,000000	0,000000	0,000000	0,000000	0,000000	0,000000	0,000000	0,000000	0,000000	0,000000	0,000000	0,000000	0,000000	0,000000	0,000000	0,000000
8,306965	0,154862	7,827983	7,985697	8,180075	8,221260	8,278649	8,293961	8,301460	8,306433	8,313460	8,319762	8,326665	8,330862	8,345118	8,352027	8,359965	8,372703	8,387347	8,395135	8,405146	8,424082	8,433676	8,591766	0,000000	0,000000	0,000000	0,000000	0,000000	0,000000	0,000000	0,000000	0,000000	0,000000	0,000000	0,000000	0,000000	0,000000
8,363286	0,028418	8,321088	8,329748	8,342416	8,351373	8,369616	8,375150	8,387311	8,393120	8,399750	0,000000	0,000000	0,000000	0,000000	0,000000	0,000000	0,000000	0,000000	0,000000	0,000000	0,000000	0,000000	0,000000	0,000000	0,000000	0,000000	0,000000	0,000000	0,000000	0,000000	0,000000	0,000000	0,000000	0,000000	0,000000	0,000000	0,000000
8,303506	0,184494	7,783736	8,087953	8,109817	8,122025	8,199547	8,302146	8,312129	8,318991	8,328242	8,338347	8,344128	8,352038	8,369767	8,385577	8,389992	8,411709	8,438494	8,569662	8,602306	0,000000	0,000000	0,000000	0,000000	0,000000	0,000000	0,000000	0,000000	0,000000	0,000000	0,000000	0,000000	0,000000	0,000000	0,000000	0,000000	0,000000
8,370768	0,034760	8,330349	8,354201	8,392447	8,406077	0,000000	0,000000	0,000000	0,000000	0,000000	0,000000	0,000000	0,000000	0,000000	0,000000	0,000000	0,000000	0,000000	0,000000	0,000000	0,000000	0,000000	0,000000	0,000000	0,000000	0,000000	0,000000	0,000000	0,000000	0,000000	0,000000	0,000000	0,000000	0,000000	0,000000	0,000000	0,000000
8,332646	0,135698	7,835749	8,157722	8,216515	8,224392	8,254267	8,273165	8,289439	8,299375	8,305391	8,319348	8,331652	8,348312	8,358381	8,365888	8,374402	8,384636	8,390620	8,405361	8,416304	8,425845	8,439522	8,446641	8,463254	8,476650	8,513321	0,000000	0,000000	0,000000	0,000000	0,000000	0,000000	0,000000	0,000000	0,000000	0,000000	0,000000
8,307978	0,153242	8,027524	8,040363	8,113873	8,135615	8,236920	8,279364	8,295255	8,305260	8,322969	8,333323	8,348031	8,358661	8,363698	8,374238	8,381517	8,407368	8,413954	8,422466	8,691179	0,000000	0,000000	0,000000	0,000000	0,000000	0,000000	0,000000	0,000000	0,000000	0,000000	0,000000	0,000000	0,000000	0,000000	0,000000	0,000000	0,000000
8,392120	0,190707	8,147279	8,157271	8,166493	8,211941	8,237624	8,278064	8,289471	8,298942	8,313025	8,323427	8,335588	8,340911	8,358632	8,367710	8,381142	8,397174	8,406024	8,415090	8,482322	8,591436	8,614044	8,659438	8,697113	8,940707	0,000000	0,000000	0,000000	0,000000	0,000000	0,000000	0,000000	0,000000	0,000000	0,000000	0,000000	0,000000
8,342704	0,115587	7,991733	8,262599	8,279671	8,297091	8,304324	8,316452	8,325727	8,340103	8,367421	8,374312	8,379845	8,387496	8,394737	8,401913	8,408722	8,417753	8,576066	0,000000	0,000000	0,000000	0,000000	0,000000	0,000000	0,000000	0,000000	0,000000	0,000000	0,000000	0,000000	0,000000	0,000000	0,000000	0,000000	0,000000	0,000000	0,000000
8,284596	0,210455	7,530545	7,989645	8,055028	8,237510	8,246990	8,265546	8,279662	8,309426	8,324411	8,330269	8,338985	8,353757	8,361720	8,378265	8,383524	8,393203	8,404859	8,412380	8,426409	8,470405	8,483977	0,000000	0,000000	0,000000	0,000000	0,000000	0,000000	0,000000	0,000000	0,000000	0,000000	0,000000	0,000000	0,000000	0,000000	0,000000
