274.89999	15.91	8	3.0599999	0.2	25.10168288325981
264.89999	8.29	5.3000002	2.4400001	0.13250001	32.80158416657669
254.89999	4.9400001	3.4000001	1.38	0.085000001	40.50148544989357
284.89999	35.220001	10.1	1.41	0.2525	17.40178159994293
304.89999	31.639999	10.7	1.84	0.26749998	2.001979033309168
294.89999	30.360001	9.8000002	1.62	0.245	9.701880316626049
314.89999	22.469999	6.4000001	0.80000001	0.16	-5.697922250007712
324.89999	9.46	3.8	0.5	0.094999999	-13.39782353332459
334.89999	9.96	2.9000001	-0.16	0.072500005	-21.09772481664147
344.89999	5.0599999	2.5	0.23	0.0625	-28.79762609995835
354.89999	4.7600002	2.3	0.11	0.057499997	-36.49752738327523
364.89999	4.0999999	2.0999999	0.079999998	0.052499998	-44.19742866659211
374.89999	2.8099999	1.9	0.28	0.047499999	-51.89732994990899
369.89999	2.9000001	2	0.38	0.050000001	-48.04737930825056
359.89999	4.3600001	2.2	0.11	0.055	-40.34747802493367
349.89999	6.4499998	2.3	-0.17	0.057499997	-32.6475767416168
339.89999	11.05	3.0999999	-0.12	0.077500001	-24.94767545829992
329.89999	17.559999	4.0999999	-0.050000001	0.1025	-17.24777417498303
319.89999	24.85	5.9000001	0.40000001	0.14750001	-9.547872891666152
309.89999	27.26	5.9000001	0.28999999	0.14750001	-1.847971608349272
299.89999	20.84	6.0999999	0.80000001	0.1525	5.851929674967609
289.89999	23.290001	7.5	1.4	0.1875	13.55183095828449
279.89999	15.4	6.1999998	1.5	0.155	21.25173224160137
269.89999	7.79	4.8000002	2	0.12	28.95163352491825
259.89999	5.29	4.0999999	2.1300001	0.1025	36.65153480823513
249.89999	3.5899999	3.5	2.45	0.087499999	44.35143609155201
239.89999	2.8	2.2	0.76999998	0.055	52.05133737486889
229.89999	2.6300001	2.2	0.82999998	0.055	59.75123865818577
219.89999	2.0599999	1.7	0.38999999	0.0425	67.45113994150265
