560.59998	5.54	4.0999999	0.86000001	0.41
550.09998	1.41	1.3	0.28999999	0.13
540.59998	1.85	1.5	0.23	0.15000001
530.09998	2.48	1.5	-0.12	0.15000001
520.59998	3.0599999	1.9	0.13	0.19
510.10001	3.6099999	1.9	-0.02	0.19
490.60001	4.9699998	2.5999999	0.34	0.25999999
470.60001	7.5700002	3.0999999	0.25999999	0.31
450.60001	14.26	4.0999999	0.17	0.41
430.10001	37.619999	9.8999996	1.59	0.98999995
410.10001	61.830002	11.8	1.26	1.1800001
390.10001	43.43	8.6000004	0.69	0.86000001
370.10001	13.35	4	0.18000001	0.40000001
350.10001	6.79	2.8	0.14	0.28
380	19.299999	5.8000002	0.76999998	0.58000004
400	49.82	10.7	1.3	1.0699999
420	55.080002	11.3	1.3	1.13
