1,774328E+1	1,774328E+1	2,600000E+1
4,184440E+0	4,184440E+0	9,000000E+0
1,685174E+1	1,685174E+1	1,600000E+1
1,455149E+1	1,455149E+1	1,700000E+1
1,773899E+1	1,773899E+1	2,000000E+1
1,019058E+1	1,019058E+1	1,000000E+1
1,540504E+1	1,540504E+1	2,000000E+1
1,161521E+1	1,161521E+1	1,200000E+1
1,446632E+1	1,446632E+1	1,800000E+1
1,217955E+1	1,217955E+1	1,100000E+1
1,755088E+1	1,755088E+1	1,800000E+1
1,354291E+1	1,354291E+1	2,200000E+1
6,759199E+0	6,759199E+0	5,000000E+0
1,054413E+1	1,054413E+1	1,400000E+1
3,578434E+0	3,578434E+0	6,000000E+0
1,253984E+1	1,253984E+1	1,200000E+1
1,106190E+1	1,106190E+1	1,100000E+1
1,008396E+1	1,008396E+1	1,400000E+1
1,789279E+1	1,789279E+1	1,700000E+1
1,113911E+1	1,113911E+1	1,300000E+1
1,301043E+1	1,301043E+1	1,300000E+1
9,965086E+0	9,965086E+0	1,100000E+1
1,538666E+1	1,538666E+1	2,000000E+1
1,270467E+1	1,270467E+1	1,800000E+1
7,427092E+0	7,427092E+0	1,200000E+1
1,334438E+1	1,334438E+1	1,100000E+1
1,447122E+1	1,447122E+1	1,700000E+1
1,524451E+1	1,524451E+1	1,500000E+1
1,740382E+1	1,740382E+1	1,900000E+1
1,342894E+1	1,342894E+1	1,800000E+1
9,950993E+0	9,950993E+0	1,300000E+1
1,555272E+1	1,555272E+1	2,000000E+1
1,625921E+1	1,625921E+1	2,200000E+1
1,316852E+1	1,316852E+1	1,500000E+1
1,535235E+1	1,535235E+1	1,600000E+1
9,682610E+0	9,682610E+0	1,300000E+1
6,457115E+0	6,457115E+0	8,000000E+0
1,666914E+1	1,666914E+1	2,100000E+1
1,282171E+1	1,282171E+1	1,600000E+1
1,584132E+1	1,584132E+1	2,000000E+1
1,285296E+1	1,285296E+1	1,500000E+1
1,215933E+1	1,215933E+1	1,900000E+1
1,347122E+1	1,347122E+1	1,400000E+1
1,899819E+1	1,899819E+1	2,100000E+1
5,218755E+0	5,218755E+0	7,000000E+0
1,216362E+1	1,216362E+1	1,500000E+1
1,100185E+1	1,100185E+1	1,500000E+1
9,979792E+0	9,979792E+0	1,600000E+1
1,155394E+1	1,155394E+1	1,400000E+1
1,019854E+1	1,019854E+1	1,300000E+1
1,447796E+1	1,447796E+1	1,700000E+1
1,438666E+1	1,438666E+1	1,700000E+1
1,049450E+1	1,049450E+1	1,000000E+1
1,632416E+1	1,632416E+1	1,800000E+1
6,663610E+0	6,663610E+0	1,100000E+1
1,191301E+1	1,191301E+1	1,600000E+1
7,138489E+0	7,138489E+0	1,000000E+1
1,193997E+1	1,193997E+1	1,600000E+1
1,034438E+1	1,034438E+1	9,000000E+0
1,550860E+1	1,550860E+1	1,500000E+1
1,251962E+1	1,251962E+1	1,900000E+1
1,346693E+1	1,346693E+1	1,200000E+1
1,070467E+1	1,070467E+1	1,700000E+1
1,230210E+1	1,230210E+1	1,200000E+1
9,579669E+0	9,579669E+0	1,600000E+1
1,564708E+1	1,564708E+1	1,400000E+1
1,462502E+1	1,462502E+1	1,800000E+1
1,692404E+1	1,692404E+1	1,900000E+1
1,567159E+1	1,567159E+1	1,600000E+1
1,470651E+1	1,470651E+1	1,500000E+1
7,594372E+0	7,594372E+0	1,100000E+1
1,709561E+1	1,709561E+1	1,700000E+1
1,459499E+1	1,459499E+1	1,700000E+1
7,123170E+0	7,123170E+0	1,000000E+1
1,387624E+1	1,387624E+1	1,700000E+1
1,801350E+1	1,801350E+1	2,400000E+1
1,124082E+1	1,124082E+1	1,400000E+1
2,054843E+1	2,054843E+1	2,400000E+1
1,485112E+1	1,485112E+1	1,600000E+1
1,382967E+1	1,382967E+1	2,100000E+1
1,874390E+1	1,874390E+1	1,900000E+1
7,672803E+0	7,672803E+0	1,000000E+1
1,042403E+1	1,042403E+1	1,200000E+1
1,722919E+1	1,722919E+1	1,800000E+1
1,603617E+1	1,603617E+1	1,800000E+1
6,102948E+0	6,102948E+0	1,000000E+1
1,832784E+1	1,832784E+1	2,200000E+1
1,933091E+1	1,933091E+1	2,600000E+1
8,220598E+0	8,220598E+0	8,000000E+0
1,125553E+1	1,125553E+1	1,600000E+1
1,845407E+1	1,845407E+1	1,900000E+1
1,319855E+1	1,319855E+1	1,500000E+1
8,308833E+0	8,308833E+0	1,200000E+1
5,838854E+0	5,838854E+0	9,000000E+0
1,035050E+1	1,035050E+1	1,200000E+1
1,442588E+1	1,442588E+1	2,200000E+1
1,093935E+1	1,093935E+1	1,300000E+1
1,266362E+1	1,266362E+1	1,900000E+1
1,230700E+1	1,230700E+1	1,300000E+1
1,022366E+1	1,022366E+1	1,500000E+1
1,028739E+1	1,028739E+1	1,400000E+1
1,005577E+1	1,005577E+1	1,100000E+1
1,851902E+1	1,851902E+1	2,500000E+1
1,178984E+1	1,178984E+1	1,700000E+1
1,441791E+1	1,441791E+1	1,700000E+1
1,591301E+1	1,591301E+1	1,900000E+1
3,371326E+0	3,371326E+0	7,000000E+0
7,571700E+0	7,571700E+0	1,000000E+1
1,822306E+1	1,822306E+1	2,000000E+1
1,018996E+1	1,018996E+1	1,100000E+1
5,007358E+0	5,007358E+0	4,000000E+0
8,517167E+0	8,517167E+0	1,100000E+1
1,184438E+1	1,184438E+1	1,200000E+1
1,335051E+1	1,335051E+1	1,800000E+1
1,250737E+1	1,250737E+1	1,700000E+1
7,875009E+0	7,875009E+0	1,200000E+1
7,769617E+0	7,769617E+0	1,100000E+1
1,985664E+1	1,985664E+1	2,200000E+1
1,400553E+1	1,400553E+1	1,400000E+1
2,007172E+1	2,007172E+1	1,800000E+1
6,358463E+0	6,358463E+0	1,000000E+1
1,312195E+1	1,312195E+1	1,500000E+1
1,155761E+1	1,155761E+1	1,300000E+1
1,335725E+1	1,335725E+1	1,500000E+1
8,300255E+0	8,300255E+0	1,100000E+1
1,368690E+1	1,368690E+1	1,600000E+1
9,864595E+0	9,864595E+0	1,200000E+1
1,434990E+1	1,434990E+1	1,200000E+1
5,515937E+0	5,515937E+0	1,100000E+1
9,206506E+0	9,206506E+0	9,000000E+0
1,083886E+1	1,083886E+1	1,600000E+1
1,637255E+0	1,637255E+0	4,000000E+0
1,329291E+1	1,329291E+1	1,400000E+1
8,639104E+0	8,639104E+0	1,000000E+1
8,621334E+0	8,621334E+0	1,200000E+1
1,178494E+1	1,178494E+1	1,200000E+1
8,552094E+0	8,552094E+0	7,000000E+0
6,049639E+0	6,049639E+0	1,200000E+1
6,265326E+0	6,265326E+0	6,000000E+0
1,492465E+1	1,492465E+1	1,800000E+1
1,359990E+1	1,359990E+1	1,500000E+1
1,033641E+1	1,033641E+1	1,200000E+1
1,579169E+1	1,579169E+1	1,400000E+1
9,846213E+0	9,846213E+0	1,300000E+1
8,876849E+0	8,876849E+0	1,600000E+1
7,648293E+0	7,648293E+0	1,000000E+1
1,464708E+1	1,464708E+1	1,600000E+1
8,922805E+0	8,922805E+0	9,000000E+0
1,166975E+1	1,166975E+1	1,700000E+1
9,360306E+0	9,360306E+0	1,500000E+1
5,287383E+0	5,287383E+0	9,000000E+0
1,366056E+1	1,366056E+1	1,600000E+1
6,632973E+0	6,632973E+0	1,000000E+1
1,503862E+1	1,503862E+1	1,600000E+1
1,392833E+1	1,392833E+1	1,700000E+1
1,610296E+1	1,610296E+1	1,900000E+1
7,677092E+0	7,677092E+0	1,100000E+1
1,135663E+1	1,135663E+1	1,300000E+1
1,186521E+1	1,186521E+1	1,600000E+1
1,024695E+1	1,024695E+1	1,400000E+1
4,212626E+0	4,212626E+0	5,000000E+0
7,453440E+0	7,453440E+0	6,000000E+0
1,853189E+1	1,853189E+1	1,800000E+1
1,324573E+1	1,324573E+1	1,600000E+1
1,539524E+1	1,539524E+1	1,500000E+1
1,851779E+1	1,851779E+1	2,400000E+1
1,747061E+1	1,747061E+1	1,700000E+1
7,938122E+0	7,938122E+0	1,000000E+1
7,458342E+0	7,458342E+0	1,100000E+1
1,192220E+1	1,192220E+1	1,700000E+1
1,640627E+1	1,640627E+1	1,900000E+1
1,904414E+1	1,904414E+1	2,100000E+1
1,640321E+1	1,640321E+1	1,900000E+1
1,271570E+1	1,271570E+1	1,500000E+1
1,499757E+1	1,499757E+1	2,000000E+1
1,254965E+1	1,254965E+1	1,900000E+1
1,214524E+1	1,214524E+1	1,500000E+1
1,156864E+1	1,156864E+1	1,900000E+1
5,441795E+0	5,441795E+0	9,000000E+0
6,207727E+0	6,207727E+0	7,000000E+0
1,311215E+1	1,311215E+1	1,600000E+1
1,463053E+1	1,463053E+1	2,200000E+1
9,113982E+0	9,113982E+0	9,000000E+0
1,072367E+1	1,072367E+1	1,400000E+1
1,889402E+1	1,889402E+1	1,800000E+1
1,657416E+1	1,657416E+1	2,000000E+1
1,307355E+1	1,307355E+1	1,300000E+1
1,950186E+1	1,950186E+1	2,000000E+1
1,101962E+1	1,101962E+1	1,400000E+1
9,979792E+0	9,979792E+0	1,300000E+1
1,454843E+1	1,454843E+1	1,400000E+1
9,299031E+0	9,299031E+0	1,300000E+1
8,092534E+0	8,092534E+0	1,000000E+1
1,700186E+1	1,700186E+1	2,100000E+1
1,541240E+1	1,541240E+1	1,700000E+1
1,055516E+1	1,055516E+1	1,300000E+1
9,786777E+0	9,786777E+0	1,300000E+1
4,920348E+0	4,920348E+0	4,000000E+0
1,252882E+1	1,252882E+1	1,300000E+1
1,088727E+1	1,088727E+1	1,500000E+1
1,559316E+1	1,559316E+1	1,900000E+1
9,971213E+0	9,971213E+0	1,500000E+1
1,456681E+1	1,456681E+1	1,800000E+1
1,106742E+1	1,106742E+1	1,500000E+1
1,506742E+1	1,506742E+1	1,900000E+1
1,117342E+1	1,117342E+1	1,100000E+1
1,657355E+1	1,657355E+1	1,800000E+1
1,419794E+1	1,419794E+1	1,500000E+1
9,262879E+0	9,262879E+0	1,200000E+1
1,279352E+1	1,279352E+1	1,700000E+1
7,491430E+0	7,491430E+0	1,000000E+1
1,581068E+1	1,581068E+1	1,700000E+1
1,255087E+1	1,255087E+1	1,400000E+1
1,276043E+1	1,276043E+1	1,700000E+1
1,177085E+1	1,177085E+1	1,400000E+1
1,390504E+1	1,390504E+1	1,300000E+1
1,030026E+1	1,030026E+1	1,300000E+1
1,043139E+1	1,043139E+1	1,000000E+1
9,059447E+0	9,059447E+0	1,000000E+1
1,103433E+1	1,103433E+1	1,400000E+1
1,263114E+1	1,263114E+1	1,500000E+1
1,288911E+1	1,288911E+1	1,500000E+1
1,110970E+1	1,110970E+1	1,600000E+1
7,818637E+0	7,818637E+0	1,000000E+1
6,847434E+0	6,847434E+0	8,000000E+0
1,892956E+1	1,892956E+1	1,900000E+1
1,249389E+1	1,249389E+1	1,900000E+1
1,703863E+1	1,703863E+1	1,500000E+1
6,955278E+0	6,955278E+0	9,000000E+0
6,825988E+0	6,825988E+0	8,000000E+0
8,165451E+0	8,165451E+0	9,000000E+0
5,836403E+0	5,836403E+0	7,000000E+0
1,505701E+1	1,505701E+1	1,300000E+1
1,262869E+1	1,262869E+1	1,900000E+1
8,678319E+0	8,678319E+0	1,100000E+1
1,462012E+1	1,462012E+1	1,200000E+1
5,835178E+0	5,835178E+0	8,000000E+0
1,608581E+1	1,608581E+1	1,600000E+1
1,109744E+1	1,109744E+1	1,000000E+1
1,306987E+1	1,306987E+1	1,300000E+1
1,158274E+1	1,158274E+1	1,600000E+1
1,482230E+0	1,482230E+0	4,000000E+0
5,343143E+0	5,343143E+0	8,000000E+0
9,475502E+0	9,475502E+0	1,400000E+1
1,670162E+1	1,670162E+1	1,600000E+1
4,216303E+0	4,216303E+0	8,000000E+0
1,070773E+1	1,070773E+1	1,300000E+1
2,137013E+1	2,137013E+1	2,100000E+1
9,806385E+0	9,806385E+0	1,000000E+1
1,679291E+1	1,679291E+1	2,000000E+1
1,575615E+1	1,575615E+1	1,600000E+1
1,082354E+1	1,082354E+1	1,600000E+1
1,193445E+1	1,193445E+1	1,200000E+1
1,124940E+1	1,124940E+1	1,400000E+1
1,289708E+1	1,289708E+1	1,300000E+1
9,720600E+0	9,720600E+0	1,200000E+1
1,386521E+1	1,386521E+1	1,400000E+1
5,141549E+0	5,141549E+0	1,400000E+1
1,191055E+1	1,191055E+1	1,100000E+1
7,496945E+0	7,496945E+0	9,000000E+0
7,039836E+0	7,039836E+0	9,000000E+0
1,175798E+1	1,175798E+1	1,300000E+1
8,080892E+0	8,080892E+0	1,000000E+1
1,822123E+1	1,822123E+1	1,800000E+1
6,284321E+0	6,284321E+0	7,000000E+0
1,369610E+1	1,369610E+1	1,400000E+1
1,041668E+1	1,041668E+1	1,000000E+1
1,089523E+1	1,089523E+1	1,400000E+1
1,229475E+1	1,229475E+1	1,500000E+1
9,784939E+0	9,784939E+0	1,600000E+1
1,329536E+1	1,329536E+1	1,800000E+1
1,020896E+1	1,020896E+1	9,000000E+0
1,707539E+1	1,707539E+1	1,600000E+1
1,446693E+1	1,446693E+1	1,800000E+1
1,295651E+1	1,295651E+1	1,500000E+1
1,585357E+1	1,585357E+1	1,900000E+1
1,110050E+1	1,110050E+1	1,200000E+1
1,279842E+1	1,279842E+1	1,500000E+1
9,726115E+0	9,726115E+0	9,000000E+0
1,703617E+1	1,703617E+1	1,900000E+1
8,578442E+0	8,578442E+0	1,200000E+1
1,187624E+1	1,187624E+1	1,100000E+1
1,363176E+1	1,363176E+1	1,400000E+1
1,127146E+1	1,127146E+1	1,500000E+1
8,133588E+0	8,133588E+0	8,000000E+0
1,360235E+1	1,360235E+1	1,500000E+1
1,036337E+1	1,036337E+1	1,100000E+1
1,323654E+1	1,323654E+1	1,400000E+1
1,050737E+1	1,050737E+1	1,300000E+1
1,652086E+1	1,652086E+1	1,900000E+1
1,257906E+1	1,257906E+1	1,000000E+1
7,108464E+0	7,108464E+0	6,000000E+0
1,596326E+1	1,596326E+1	1,800000E+1
6,917287E+0	6,917287E+0	9,000000E+0
7,599886E+0	7,599886E+0	8,000000E+0
5,071696E+0	5,071696E+0	8,000000E+0
5,991428E+0	5,991428E+0	7,000000E+0
1,306190E+1	1,306190E+1	1,200000E+1
1,025246E+1	1,025246E+1	1,000000E+1
7,411161E+0	7,411161E+0	7,000000E+0
