8,451284	0,285803	8,038400	8,165688	8,377328	8,427499	8,645629	8,671206	8,833240	0,000000	0,000000	0,000000	0,000000	0,000000	0,000000	0,000000	0,000000	0,000000	0,000000	0,000000	0,000000	0,000000	0,000000	0,000000	0,000000	0,000000	0,000000	0,000000	0,000000	0,000000
8,209228	0,254556	7,977882	8,010184	8,083482	8,112030	8,120733	8,215719	8,408136	8,745655	0,000000	0,000000	0,000000	0,000000	0,000000	0,000000	0,000000	0,000000	0,000000	0,000000	0,000000	0,000000	0,000000	0,000000	0,000000	0,000000	0,000000	0,000000	0,000000	0,000000
8,329817	0,306520	7,982470	8,003469	8,010909	8,018343	8,062304	8,092507	8,105580	8,105735	8,110664	8,131909	8,168641	8,212216	8,243082	8,316232	8,409914	8,442442	8,516656	8,649486	8,736419	8,767894	8,793308	8,815643	8,889962	0,000000	0,000000	0,000000	0,000000	0,000000
8,212385	0,237606	7,970497	7,988677	8,005244	8,026166	8,041188	8,060569	8,070526	8,136677	8,268207	8,314785	8,322163	8,522580	8,550899	8,695207	0,000000	0,000000	0,000000	0,000000	0,000000	0,000000	0,000000	0,000000	0,000000	0,000000	0,000000	0,000000	0,000000	0,000000
8,397219	0,220191	7,975092	8,004430	8,011735	8,174460	8,258670	8,313769	8,321297	8,340162	8,354563	8,409390	8,420732	8,448823	8,469758	8,517579	8,536379	8,548886	8,559178	8,572511	8,667478	8,707106	8,729610	0,000000	0,000000	0,000000	0,000000	0,000000	0,000000	0,000000
8,430832	0,289281	7,985441	8,004128	8,010925	8,216076	8,383461	8,396735	8,404275	8,433475	8,520424	8,665463	8,707531	8,754247	8,767657	8,781806	0,000000	0,000000	0,000000	0,000000	0,000000	0,000000	0,000000	0,000000	0,000000	0,000000	0,000000	0,000000	0,000000	0,000000
8,341293	0,272252	7,999139	8,012668	8,030336	8,134658	8,185222	8,190677	8,239448	8,269126	8,310362	8,398235	8,514792	8,549000	8,728904	8,758599	8,798225	0,000000	0,000000	0,000000	0,000000	0,000000	0,000000	0,000000	0,000000	0,000000	0,000000	0,000000	0,000000	0,000000
8,431883	0,248333	7,996977	8,099421	8,126636	8,175879	8,355365	8,369181	8,378069	8,388794	8,395358	8,463574	8,599211	8,619489	8,635588	8,715022	8,789870	8,801696	0,000000	0,000000	0,000000	0,000000	0,000000	0,000000	0,000000	0,000000	0,000000	0,000000	0,000000	0,000000
8,374322	0,269601	7,982687	8,025477	8,046793	8,067400	8,112959	8,171279	8,206334	8,228261	8,248630	8,254920	8,275259	8,291536	8,397581	8,405595	8,411386	8,419711	8,589498	8,628165	8,643619	8,769990	8,797690	8,807162	8,827480	0,000000	0,000000	0,000000	0,000000	0,000000
8,133585	0,179852	7,983382	7,997069	8,005162	8,039736	8,064187	8,237923	8,244387	8,496834	0,000000	0,000000	0,000000	0,000000	0,000000	0,000000	0,000000	0,000000	0,000000	0,000000	0,000000	0,000000	0,000000	0,000000	0,000000	0,000000	0,000000	0,000000	0,000000	0,000000
8,364007	0,301569	7,984080	8,003139	8,011633	8,020221	8,034060	8,043464	8,059492	8,069586	8,099918	8,113503	8,176884	8,213210	8,274634	8,305474	8,429185	8,450457	8,521693	8,565688	8,617580	8,642075	8,656757	8,684304	8,701524	8,708689	8,740073	8,836667	8,864206	0,000000
8,287148	0,282633	7,969110	7,982793	7,994723	8,005199	8,009372	8,017498	8,029113	8,182490	8,221016	8,225673	8,315695	8,331915	8,338261	8,522062	8,528044	8,545492	8,617408	8,775672	8,844284	0,000000	0,000000	0,000000	0,000000	0,000000	0,000000	0,000000	0,000000	0,000000
8,473919	0,244109	7,995580	8,058609	8,073310	8,087899	8,236465	8,268042	8,319882	8,457890	8,465937	8,471735	8,480380	8,510703	8,534025	8,558887	8,577176	8,591148	8,596427	8,645269	8,652507	8,665429	8,711767	8,768915	8,820567	8,825507	0,000000	0,000000	0,000000	0,000000
8,336428	0,329298	7,976746	7,998177	8,057133	8,210891	8,248499	8,271842	8,285907	8,583185	8,832430	8,899476	0,000000	0,000000	0,000000	0,000000	0,000000	0,000000	0,000000	0,000000	0,000000	0,000000	0,000000	0,000000	0,000000	0,000000	0,000000	0,000000	0,000000	0,000000
8,323033	0,375575	7,995903	8,002389	8,010148	8,399455	8,745388	8,784917	0,000000	0,000000	0,000000	0,000000	0,000000	0,000000	0,000000	0,000000	0,000000	0,000000	0,000000	0,000000	0,000000	0,000000	0,000000	0,000000	0,000000	0,000000	0,000000	0,000000	0,000000	0,000000
8,253530	0,235143	8,011221	8,023388	8,034697	8,049830	8,102479	8,110805	8,146994	8,278023	8,310135	8,322499	8,355832	8,368167	8,708321	8,727024	0,000000	0,000000	0,000000	0,000000	0,000000	0,000000	0,000000	0,000000	0,000000	0,000000	0,000000	0,000000	0,000000	0,000000
8,307304	0,281760	7,980679	7,989174	7,994924	8,005109	8,051430	8,083989	8,188955	8,253924	8,265668	8,295818	8,317809	8,371333	8,378878	8,414257	8,517977	8,765622	8,801739	8,854181	0,000000	0,000000	0,000000	0,000000	0,000000	0,000000	0,000000	0,000000	0,000000	0,000000
8,297340	0,223547	7,984086	7,997356	8,009593	8,023139	8,218620	8,260695	8,294251	8,301377	8,308632	8,314692	8,322318	8,338557	8,469907	8,570947	8,607034	8,736239	0,000000	0,000000	0,000000	0,000000	0,000000	0,000000	0,000000	0,000000	0,000000	0,000000	0,000000	0,000000
8,372596	0,338022	7,986237	7,993437	8,004347	8,017530	8,023334	8,456461	8,470356	8,599375	8,708156	8,721962	8,736757	8,753202	0,000000	0,000000	0,000000	0,000000	0,000000	0,000000	0,000000	0,000000	0,000000	0,000000	0,000000	0,000000	0,000000	0,000000	0,000000	0,000000
8,469500	0,299251	7,987974	8,004602	8,018520	8,048113	8,084843	8,245346	8,263368	8,275898	8,432115	8,458653	8,492106	8,506563	8,543859	8,594833	8,617941	8,671834	8,684871	8,713216	8,725096	8,821575	8,840322	8,875324	8,891533	0,000000	0,000000	0,000000	0,000000	0,000000
8,269948	0,160574	8,008921	8,016897	8,104004	8,130321	8,151904	8,159570	8,166309	8,208633	8,247328	8,253566	8,253798	8,260630	8,277070	8,287755	8,312098	8,320412	8,334730	8,342301	8,389135	8,484594	8,548207	8,680664	0,000000	0,000000	0,000000	0,000000	0,000000	0,000000
8,366835	0,251402	7,990808	8,044753	8,055485	8,091186	8,100891	8,157957	8,249768	8,273681	8,288836	8,472290	8,511334	8,559932	8,569036	8,588316	8,615467	8,637374	8,692971	8,702948	0,000000	0,000000	0,000000	0,000000	0,000000	0,000000	0,000000	0,000000	0,000000	0,000000
8,171184	0,273982	7,986556	7,998361	8,013767	8,020089	8,180384	8,251494	8,747637	0,000000	0,000000	0,000000	0,000000	0,000000	0,000000	0,000000	0,000000	0,000000	0,000000	0,000000	0,000000	0,000000	0,000000	0,000000	0,000000	0,000000	0,000000	0,000000	0,000000	0,000000
8,434699	0,202623	8,004892	8,286980	8,299715	8,312226	8,397855	8,409904	8,420322	8,480373	8,560777	8,606038	8,695617	8,741690	0,000000	0,000000	0,000000	0,000000	0,000000	0,000000	0,000000	0,000000	0,000000	0,000000	0,000000	0,000000	0,000000	0,000000	0,000000	0,000000
8,225330	0,242430	7,975453	7,982626	7,994732	8,026889	8,059374	8,110965	8,138470	8,163197	8,178083	8,225935	8,529106	8,558009	8,565407	8,646371	0,000000	0,000000	0,000000	0,000000	0,000000	0,000000	0,000000	0,000000	0,000000	0,000000	0,000000	0,000000	0,000000	0,000000
8,322862	0,220826	7,992844	8,012814	8,131061	8,223712	8,231888	8,236110	8,258628	8,348216	8,356128	8,372261	8,453404	8,494413	8,602558	8,806032	0,000000	0,000000	0,000000	0,000000	0,000000	0,000000	0,000000	0,000000	0,000000	0,000000	0,000000	0,000000	0,000000	0,000000
8,384795	0,237795	8,027000	8,048629	8,166532	8,180618	8,243585	8,252970	8,260160	8,260311	8,266922	8,374688	8,500473	8,607815	8,613296	8,628361	8,640318	8,676048	8,793781	0,000000	0,000000	0,000000	0,000000	0,000000	0,000000	0,000000	0,000000	0,000000	0,000000	0,000000
8,258065	0,252367	7,993037	8,011612	8,019969	8,030910	8,197165	8,367804	8,380370	8,395524	8,417300	8,766961	0,000000	0,000000	0,000000	0,000000	0,000000	0,000000	0,000000	0,000000	0,000000	0,000000	0,000000	0,000000	0,000000	0,000000	0,000000	0,000000	0,000000	0,000000
8,582162	0,233024	8,012294	8,276822	8,355671	8,369911	8,447713	8,520896	8,562060	8,689865	8,711285	8,722687	8,734985	8,743856	8,762425	8,769433	8,783965	8,850729	0,000000	0,000000	0,000000	0,000000	0,000000	0,000000	0,000000	0,000000	0,000000	0,000000	0,000000	0,000000
8,336059	0,264898	7,982282	8,036498	8,077986	8,137710	8,198090	8,211622	8,438484	8,481403	8,487956	8,495845	8,687447	8,797392	0,000000	0,000000	0,000000	0,000000	0,000000	0,000000	0,000000	0,000000	0,000000	0,000000	0,000000	0,000000	0,000000	0,000000	0,000000	0,000000
8,400964	0,277382	8,043700	8,056282	8,118313	8,176953	8,191395	8,221827	8,234010	8,264030	8,301983	8,315882	8,330606	8,516207	8,576609	8,588320	8,770327	8,816060	8,836589	8,858258	0,000000	0,000000	0,000000	0,000000	0,000000	0,000000	0,000000	0,000000	0,000000	0,000000
8,323189	0,255416	7,982762	8,006789	8,019128	8,061183	8,138462	8,184196	8,288492	8,346409	8,420203	8,427750	8,434626	8,496935	8,530966	8,722912	8,787018	0,000000	0,000000	0,000000	0,000000	0,000000	0,000000	0,000000	0,000000	0,000000	0,000000	0,000000	0,000000	0,000000
8,414541	0,309187	7,981771	7,994160	8,129698	8,278974	8,321828	8,335009	8,348889	8,487165	8,614300	8,776362	8,790238	8,916102	0,000000	0,000000	0,000000	0,000000	0,000000	0,000000	0,000000	0,000000	0,000000	0,000000	0,000000	0,000000	0,000000	0,000000	0,000000	0,000000
8,487026	0,315940	8,003811	8,017336	8,043368	8,191847	8,213603	8,287175	8,331515	8,345638	8,353750	8,385285	8,393777	8,560283	8,701046	8,768687	8,816074	8,829819	8,835804	8,843834	8,881205	8,936657	0,000000	0,000000	0,000000	0,000000	0,000000	0,000000	0,000000	0,000000
8,332761	0,260393	7,996931	8,010421	8,017467	8,055972	8,069999	8,082471	8,089629	8,097592	8,107882	8,242132	8,258934	8,283894	8,318492	8,354018	8,441727	8,492335	8,506503	8,510006	8,577411	8,584790	8,603617	8,718416	8,738598	8,827033	0,000000	0,000000	0,000000	0,000000
8,282314	0,315467	7,977023	7,983899	7,998080	8,006181	8,037498	8,051095	8,251563	8,494164	8,526179	8,547780	8,669642	8,844662	0,000000	0,000000	0,000000	0,000000	0,000000	0,000000	0,000000	0,000000	0,000000	0,000000	0,000000	0,000000	0,000000	0,000000	0,000000	0,000000
8,422268	0,310941	7,975386	7,997724	8,045267	8,108694	8,189485	8,219275	8,247691	8,364994	8,548611	8,599115	8,608360	8,696071	8,738541	8,763020	8,820591	8,833457	0,000000	0,000000	0,000000	0,000000	0,000000	0,000000	0,000000	0,000000	0,000000	0,000000	0,000000	0,000000
8,432792	0,271084	8,001300	8,167858	8,177083	8,190013	8,214099	8,275399	8,288568	8,298298	8,305358	8,366635	8,470825	8,476628	8,494234	8,778333	8,783907	8,791444	8,830117	8,880162	0,000000	0,000000	0,000000	0,000000	0,000000	0,000000	0,000000	0,000000	0,000000	0,000000
8,461749	0,303272	7,999221	8,013256	8,060755	8,267394	8,320334	8,343173	8,370935	8,623259	8,637107	8,645296	8,768435	8,782298	8,798439	8,834589	0,000000	0,000000	0,000000	0,000000	0,000000	0,000000	0,000000	0,000000	0,000000	0,000000	0,000000	0,000000	0,000000	0,000000
8,371013	0,311914	8,005822	8,064209	8,070718	8,128418	8,171130	8,195040	8,201463	8,209026	8,217554	8,319017	8,384729	8,640283	8,762229	8,836204	8,857666	8,872705	0,000000	0,000000	0,000000	0,000000	0,000000	0,000000	0,000000	0,000000	0,000000	0,000000	0,000000	0,000000
8,358696	0,304172	7,973039	7,990763	8,002463	8,044959	8,052304	8,058618	8,066730	8,175477	8,250171	8,264481	8,407761	8,435198	8,465443	8,630390	8,645806	8,666425	8,693511	8,757012	8,791916	8,801447	0,000000	0,000000	0,000000	0,000000	0,000000	0,000000	0,000000	0,000000
8,282268	0,219750	7,976201	7,996790	8,011374	8,030222	8,139072	8,151697	8,167419	8,183427	8,191740	8,209213	8,222809	8,255321	8,301850	8,317501	8,346528	8,360583	8,411600	8,442435	8,450558	8,478223	8,751674	8,813655	0,000000	0,000000	0,000000	0,000000	0,000000	0,000000
8,413266	0,320168	8,014241	8,020502	8,028187	8,056006	8,100550	8,115189	8,137855	8,259010	8,322548	8,359660	8,372996	8,729984	8,736387	8,745098	8,752010	8,752117	8,758297	8,776274	8,815144	0,000000	0,000000	0,000000	0,000000	0,000000	0,000000	0,000000	0,000000	0,000000
8,430429	0,288482	7,980982	8,014861	8,036740	8,084120	8,363925	8,484038	8,496672	8,510262	8,520428	8,617385	8,660005	8,698495	8,737100	8,820995	0,000000	0,000000	0,000000	0,000000	0,000000	0,000000	0,000000	0,000000	0,000000	0,000000	0,000000	0,000000	0,000000	0,000000
8,401874	0,354404	7,989594	8,022876	8,030515	8,036833	8,044688	8,131622	8,150702	8,185311	8,379788	8,395601	8,481066	8,603303	8,641113	8,672283	8,688925	8,702425	8,840168	9,236918	0,000000	0,000000	0,000000	0,000000	0,000000	0,000000	0,000000	0,000000	0,000000	0,000000
8,199858	0,243036	7,988234	7,994704	8,002691	8,012163	8,033158	8,051882	8,166090	8,250080	8,304098	8,335246	8,495425	8,764525	0,000000	0,000000	0,000000	0,000000	0,000000	0,000000	0,000000	0,000000	0,000000	0,000000	0,000000	0,000000	0,000000	0,000000	0,000000	0,000000
8,239344	0,339721	7,975544	7,989982	7,997349	8,082294	8,095670	8,160533	8,209021	8,791195	8,852510	0,000000	0,000000	0,000000	0,000000	0,000000	0,000000	0,000000	0,000000	0,000000	0,000000	0,000000	0,000000	0,000000	0,000000	0,000000	0,000000	0,000000	0,000000	0,000000
8,417267	0,300665	8,066302	8,080089	8,137519	8,170804	8,178041	8,223422	8,305892	8,338125	8,366732	8,377792	8,710895	8,717981	8,829459	8,854767	8,901190	0,000000	0,000000	0,000000	0,000000	0,000000	0,000000	0,000000	0,000000	0,000000	0,000000	0,000000	0,000000	0,000000
8,282483	0,244733	8,010763	8,024247	8,031572	8,068055	8,087854	8,100660	8,183870	8,190828	8,197772	8,205870	8,427483	8,487756	8,556938	8,603393	8,632787	8,709878	0,000000	0,000000	0,000000	0,000000	0,000000	0,000000	0,000000	0,000000	0,000000	0,000000	0,000000	0,000000
8,386247	0,216121	8,021789	8,266079	8,280383	8,288760	8,318189	8,371694	8,396105	8,451036	8,710911	8,757528	0,000000	0,000000	0,000000	0,000000	0,000000	0,000000	0,000000	0,000000	0,000000	0,000000	0,000000	0,000000	0,000000	0,000000	0,000000	0,000000	0,000000	0,000000
8,368013	0,281887	7,988975	8,017856	8,043560	8,120536	8,180176	8,195558	8,248437	8,361706	8,407556	8,423188	8,427404	8,449084	8,455391	8,487858	8,595675	8,774038	9,079218	0,000000	0,000000	0,000000	0,000000	0,000000	0,000000	0,000000	0,000000	0,000000	0,000000	0,000000
8,663339	0,128107	8,558243	8,571907	8,580234	8,792285	8,814029	0,000000	0,000000	0,000000	0,000000	0,000000	0,000000	0,000000	0,000000	0,000000	0,000000	0,000000	0,000000	0,000000	0,000000	0,000000	0,000000	0,000000	0,000000	0,000000	0,000000	0,000000	0,000000	0,000000
8,300481	0,247849	7,981020	8,060209	8,093282	8,099609	8,107596	8,128583	8,161279	8,237772	8,316004	8,332137	8,354564	8,607170	8,627543	8,667893	8,732556	0,000000	0,000000	0,000000	0,000000	0,000000	0,000000	0,000000	0,000000	0,000000	0,000000	0,000000	0,000000	0,000000
8,388486	0,233087	8,163311	8,177182	8,311607	8,342815	8,590414	8,745589	0,000000	0,000000	0,000000	0,000000	0,000000	0,000000	0,000000	0,000000	0,000000	0,000000	0,000000	0,000000	0,000000	0,000000	0,000000	0,000000	0,000000	0,000000	0,000000	0,000000	0,000000	0,000000
8,405741	0,253406	8,116027	8,129910	8,138206	8,162315	8,440798	8,470463	8,546707	8,556171	8,701917	8,794899	0,000000	0,000000	0,000000	0,000000	0,000000	0,000000	0,000000	0,000000	0,000000	0,000000	0,000000	0,000000	0,000000	0,000000	0,000000	0,000000	0,000000	0,000000
8,383177	0,317925	7,978893	7,988787	7,995102	8,002364	8,010466	8,315438	8,336143	8,395422	8,424194	8,452014	8,487618	8,521115	8,770984	8,778101	8,816259	8,857932	0,000000	0,000000	0,000000	0,000000	0,000000	0,000000	0,000000	0,000000	0,000000	0,000000	0,000000	0,000000
8,242405	0,269170	7,990182	8,003896	8,012247	8,054276	8,215207	8,517908	8,531594	8,613927	0,000000	0,000000	0,000000	0,000000	0,000000	0,000000	0,000000	0,000000	0,000000	0,000000	0,000000	0,000000	0,000000	0,000000	0,000000	0,000000	0,000000	0,000000	0,000000	0,000000
8,357844	0,291978	7,976742	8,005031	8,044389	8,274534	8,333700	8,400812	8,423182	8,614364	8,690384	8,815301	0,000000	0,000000	0,000000	0,000000	0,000000	0,000000	0,000000	0,000000	0,000000	0,000000	0,000000	0,000000	0,000000	0,000000	0,000000	0,000000	0,000000	0,000000
8,424403	0,288255	7,976938	8,014986	8,110706	8,156604	8,430874	8,473759	8,536833	8,565099	8,584656	8,716011	8,742460	8,783906	0,000000	0,000000	0,000000	0,000000	0,000000	0,000000	0,000000	0,000000	0,000000	0,000000	0,000000	0,000000	0,000000	0,000000	0,000000	0,000000
8,314260	0,239096	7,972558	8,001749	8,021657	8,040664	8,068206	8,090712	8,117230	8,138696	8,206300	8,271789	8,339053	8,359096	8,430064	8,477206	8,498547	8,514376	8,537844	8,551177	8,596082	8,668921	8,697542	0,000000	0,000000	0,000000	0,000000	0,000000	0,000000	0,000000
8,305191	0,221338	7,999766	8,013207	8,018611	8,047467	8,072947	8,111641	8,140585	8,154551	8,349110	8,355999	8,362824	8,369783	8,385735	8,395035	8,433512	8,448603	8,521854	8,564206	8,628365	8,730016	0,000000	0,000000	0,000000	0,000000	0,000000	0,000000	0,000000	0,000000
8,276511	0,242673	7,988700	8,066771	8,104173	8,124135	8,248003	8,261490	8,404038	8,617756	8,673536	0,000000	0,000000	0,000000	0,000000	0,000000	0,000000	0,000000	0,000000	0,000000	0,000000	0,000000	0,000000	0,000000	0,000000	0,000000	0,000000	0,000000	0,000000	0,000000
8,347381	0,222494	7,978300	7,984251	7,992638	7,999414	8,278457	8,308134	8,349080	8,363231	8,372040	8,384795	8,403403	8,419973	8,503450	8,521786	8,568897	8,579643	8,612128	8,633237	0,000000	0,000000	0,000000	0,000000	0,000000	0,000000	0,000000	0,000000	0,000000	0,000000
8,290840	0,302711	7,996466	8,063710	8,074218	8,199070	8,311294	8,576819	8,814300	0,000000	0,000000	0,000000	0,000000	0,000000	0,000000	0,000000	0,000000	0,000000	0,000000	0,000000	0,000000	0,000000	0,000000	0,000000	0,000000	0,000000	0,000000	0,000000	0,000000	0,000000
8,326775	0,286222	7,994225	8,004462	8,017440	8,025755	8,050724	8,151079	8,236371	8,354257	8,386987	8,467480	8,480991	8,489903	8,618130	8,792813	8,831006	0,000000	0,000000	0,000000	0,000000	0,000000	0,000000	0,000000	0,000000	0,000000	0,000000	0,000000	0,000000	0,000000
8,228491	0,230495	7,988696	8,010793	8,024766	8,035420	8,175236	8,240888	8,260743	8,374998	8,508026	8,665345	0,000000	0,000000	0,000000	0,000000	0,000000	0,000000	0,000000	0,000000	0,000000	0,000000	0,000000	0,000000	0,000000	0,000000	0,000000	0,000000	0,000000	0,000000
8,512334	0,284358	8,052019	8,087501	8,178693	8,208092	8,264448	8,405071	8,465105	8,505962	8,533598	8,702443	8,726159	8,769169	8,784689	8,825438	8,832564	8,856398	0,000000	0,000000	0,000000	0,000000	0,000000	0,000000	0,000000	0,000000	0,000000	0,000000	0,000000	0,000000
8,345041	0,233544	7,992134	8,014651	8,066669	8,125824	8,153872	8,256661	8,271356	8,277342	8,285408	8,418654	8,437191	8,447759	8,509488	8,524546	8,644710	8,694960	8,744469	0,000000	0,000000	0,000000	0,000000	0,000000	0,000000	0,000000	0,000000	0,000000	0,000000	0,000000
8,373971	0,255861	8,060859	8,100742	8,351538	8,495295	8,516194	8,719197	0,000000	0,000000	0,000000	0,000000	0,000000	0,000000	0,000000	0,000000	0,000000	0,000000	0,000000	0,000000	0,000000	0,000000	0,000000	0,000000	0,000000	0,000000	0,000000	0,000000	0,000000	0,000000
8,457739	0,363690	7,979412	7,996263	8,002436	8,039088	8,071625	8,082271	8,128027	8,135234	8,354386	8,398269	8,511772	8,582165	8,664111	8,678168	8,729626	8,767727	8,824737	8,845703	8,852099	8,865561	9,103840	0,000000	0,000000	0,000000	0,000000	0,000000	0,000000	0,000000
8,499661	0,167517	8,068171	8,471531	8,485190	8,493800	8,509816	8,515814	8,523114	8,531585	8,538716	8,566514	8,792019	0,000000	0,000000	0,000000	0,000000	0,000000	0,000000	0,000000	0,000000	0,000000	0,000000	0,000000	0,000000	0,000000	0,000000	0,000000	0,000000	0,000000
8,523550	0,187671	8,298286	8,336493	8,361972	8,450468	8,489859	8,506111	8,739179	8,753590	8,775995	0,000000	0,000000	0,000000	0,000000	0,000000	0,000000	0,000000	0,000000	0,000000	0,000000	0,000000	0,000000	0,000000	0,000000	0,000000	0,000000	0,000000	0,000000	0,000000
8,386485	0,284724	8,009091	8,026803	8,044395	8,050679	8,057911	8,069039	8,096141	8,219631	8,240104	8,422840	8,438601	8,444966	8,453364	8,462145	8,474979	8,499563	8,608534	8,717099	8,760224	8,775217	8,780574	8,850761	0,000000	0,000000	0,000000	0,000000	0,000000	0,000000
8,362637	0,262338	8,005181	8,026134	8,192278	8,200003	8,225547	8,239424	8,259959	8,308176	8,432879	8,654375	8,694177	8,735024	8,741130	0,000000	0,000000	0,000000	0,000000	0,000000	0,000000	0,000000	0,000000	0,000000	0,000000	0,000000	0,000000	0,000000	0,000000	0,000000
8,207942	0,219309	7,977502	7,983919	7,991658	7,998793	8,009144	8,021604	8,051918	8,080240	8,117992	8,123827	8,209784	8,260166	8,280884	8,324924	8,391543	8,427276	8,432866	8,520215	8,746647	0,000000	0,000000	0,000000	0,000000	0,000000	0,000000	0,000000	0,000000	0,000000
8,346187	0,243096	8,052843	8,061604	8,097043	8,111538	8,119064	8,168677	8,175105	8,306235	8,341758	8,416123	8,476764	8,525929	8,590404	8,670338	8,696502	8,729071	0,000000	0,000000	0,000000	0,000000	0,000000	0,000000	0,000000	0,000000	0,000000	0,000000	0,000000	0,000000
8,411433	0,279309	8,038115	8,062709	8,148460	8,517574	8,544703	8,629761	8,663628	8,686514	0,000000	0,000000	0,000000	0,000000	0,000000	0,000000	0,000000	0,000000	0,000000	0,000000	0,000000	0,000000	0,000000	0,000000	0,000000	0,000000	0,000000	0,000000	0,000000	0,000000
8,495581	0,313758	8,008214	8,091492	8,160686	8,250005	8,548285	8,599365	8,614277	8,694555	8,740029	8,857568	8,886917	0,000000	0,000000	0,000000	0,000000	0,000000	0,000000	0,000000	0,000000	0,000000	0,000000	0,000000	0,000000	0,000000	0,000000	0,000000	0,000000	0,000000
8,402323	0,270265	8,011079	8,104927	8,111556	8,119272	8,159206	8,222936	8,235909	8,250464	8,301958	8,318530	8,456823	8,607699	8,657227	8,667910	8,733172	8,750097	8,760656	8,772385	0,000000	0,000000	0,000000	0,000000	0,000000	0,000000	0,000000	0,000000	0,000000	0,000000
8,477339	0,198284	8,095761	8,432687	8,554520	8,561300	8,589334	8,630432	0,000000	0,000000	0,000000	0,000000	0,000000	0,000000	0,000000	0,000000	0,000000	0,000000	0,000000	0,000000	0,000000	0,000000	0,000000	0,000000	0,000000	0,000000	0,000000	0,000000	0,000000	0,000000
8,317179	0,234381	7,998103	8,004557	8,012657	8,073135	8,287698	8,294613	8,302472	8,388872	8,477973	8,491708	8,548842	8,568323	8,674373	0,000000	0,000000	0,000000	0,000000	0,000000	0,000000	0,000000	0,000000	0,000000	0,000000	0,000000	0,000000	0,000000	0,000000	0,000000
8,312495	0,283839	7,985128	8,057285	8,095441	8,101865	8,109925	8,150968	8,166839	8,419199	8,543167	8,673864	8,694272	8,751987	0,000000	0,000000	0,000000	0,000000	0,000000	0,000000	0,000000	0,000000	0,000000	0,000000	0,000000	0,000000	0,000000	0,000000	0,000000	0,000000
8,496880	0,208058	8,100588	8,266025	8,354158	8,361155	8,430985	8,480994	8,535606	8,579624	8,623497	8,666938	8,721776	8,841214	0,000000	0,000000	0,000000	0,000000	0,000000	0,000000	0,000000	0,000000	0,000000	0,000000	0,000000	0,000000	0,000000	0,000000	0,000000	0,000000
8,313146	0,192915	8,028128	8,041834	8,136433	8,191236	8,220732	8,353696	8,402730	8,410217	8,416879	8,424883	8,442603	8,688386	0,000000	0,000000	0,000000	0,000000	0,000000	0,000000	0,000000	0,000000	0,000000	0,000000	0,000000	0,000000	0,000000	0,000000	0,000000	0,000000
8,396934	0,288204	7,975207	7,981711	7,989321	8,150509	8,164500	8,311969	8,333467	8,346290	8,402802	8,475776	8,582375	8,660711	8,682957	8,715007	8,783774	8,794561	0,000000	0,000000	0,000000	0,000000	0,000000	0,000000	0,000000	0,000000	0,000000	0,000000	0,000000	0,000000
8,420124	0,251703	7,996588	8,010970	8,025728	8,156605	8,172083	8,307590	8,324058	8,340811	8,349083	8,369999	8,394939	8,417127	8,467836	8,477672	8,516565	8,540914	8,575704	8,676490	8,696556	8,748007	8,779502	8,897905	0,000000	0,000000	0,000000	0,000000	0,000000	0,000000
8,352631	0,239635	8,020118	8,067520	8,138537	8,255234	8,282815	8,309280	8,409577	8,474464	8,495811	8,607209	8,818380	0,000000	0,000000	0,000000	0,000000	0,000000	0,000000	0,000000	0,000000	0,000000	0,000000	0,000000	0,000000	0,000000	0,000000	0,000000	0,000000	0,000000
8,264308	0,247614	7,992195	8,004225	8,019240	8,033666	8,097457	8,172215	8,191304	8,432241	8,502864	8,550361	8,561474	8,614458	0,000000	0,000000	0,000000	0,000000	0,000000	0,000000	0,000000	0,000000	0,000000	0,000000	0,000000	0,000000	0,000000	0,000000	0,000000	0,000000
8,266547	0,300702	7,982365	7,990965	8,004876	8,013323	8,020476	8,029228	8,043791	8,248228	8,343458	8,428090	8,441300	8,669064	8,683262	8,833231	0,000000	0,000000	0,000000	0,000000	0,000000	0,000000	0,000000	0,000000	0,000000	0,000000	0,000000	0,000000	0,000000	0,000000
8,244649	0,239902	7,986585	7,995022	8,008743	8,018717	8,063985	8,077722	8,088758	8,113404	8,149997	8,334290	8,377931	8,396416	8,447698	8,553622	8,624806	8,676682	0,000000	0,000000	0,000000	0,000000	0,000000	0,000000	0,000000	0,000000	0,000000	0,000000	0,000000	0,000000
8,485458	0,239987	7,990776	8,160430	8,174596	8,182264	8,317072	8,347848	8,416490	8,458439	8,553115	8,580115	8,612918	8,642084	8,658382	8,681473	8,705138	8,712714	8,757683	8,786711	0,000000	0,000000	0,000000	0,000000	0,000000	0,000000	0,000000	0,000000	0,000000	0,000000
8,318849	0,283818	7,994459	8,011376	8,017781	8,073148	8,094683	8,217299	8,291227	8,343242	8,430494	8,491118	8,644721	8,731832	8,803660	0,000000	0,000000	0,000000	0,000000	0,000000	0,000000	0,000000	0,000000	0,000000	0,000000	0,000000	0,000000	0,000000	0,000000	0,000000
8,402952	0,281651	7,995210	8,021453	8,064489	8,105908	8,171640	8,193481	8,201038	8,288902	8,450773	8,457329	8,508236	8,519397	8,547359	8,570220	8,733398	8,772782	8,808584	8,842944	0,000000	0,000000	0,000000	0,000000	0,000000	0,000000	0,000000	0,000000	0,000000	0,000000
8,269946	0,323914	7,973722	7,981408	7,992523	8,007256	8,017240	8,025511	8,336995	8,343402	8,351311	8,567207	8,805698	8,837074	0,000000	0,000000	0,000000	0,000000	0,000000	0,000000	0,000000	0,000000	0,000000	0,000000	0,000000	0,000000	0,000000	0,000000	0,000000	0,000000
8,358575	0,279541	7,980874	7,990050	8,020759	8,068262	8,237200	8,243379	8,267443	8,323843	8,331857	8,346474	8,497401	8,506013	8,520283	8,763281	8,815086	8,825002	0,000000	0,000000	0,000000	0,000000	0,000000	0,000000	0,000000	0,000000	0,000000	0,000000	0,000000	0,000000
8,498508	0,274189	8,093727	8,249422	8,255738	8,263462	8,409165	8,607190	8,733138	8,752714	8,773596	8,846933	0,000000	0,000000	0,000000	0,000000	0,000000	0,000000	0,000000	0,000000	0,000000	0,000000	0,000000	0,000000	0,000000	0,000000	0,000000	0,000000	0,000000	0,000000
8,403844	0,309821	8,002571	8,080308	8,087092	8,141462	8,155425	8,162520	8,239748	8,405444	8,445190	8,544411	8,581323	8,632483	8,768717	8,804378	9,006584	0,000000	0,000000	0,000000	0,000000	0,000000	0,000000	0,000000	0,000000	0,000000	0,000000	0,000000	0,000000	0,000000
8,349862	0,343949	7,987626	8,021447	8,028384	8,035494	8,061902	8,109723	8,498896	8,506303	8,513071	8,766345	8,797179	8,871979	0,000000	0,000000	0,000000	0,000000	0,000000	0,000000	0,000000	0,000000	0,000000	0,000000	0,000000	0,000000	0,000000	0,000000	0,000000	0,000000
8,442946	0,281787	8,000914	8,067584	8,180016	8,194316	8,236763	8,305121	8,410055	8,513805	8,553267	8,654729	8,694987	8,767301	8,796289	8,826092	0,000000	0,000000	0,000000	0,000000	0,000000	0,000000	0,000000	0,000000	0,000000	0,000000	0,000000	0,000000	0,000000	0,000000
8,526688	0,290833	7,977001	8,112464	8,118985	8,304868	8,323558	8,386622	8,420126	8,519237	8,530073	8,568507	8,600617	8,614621	8,630393	8,637737	8,705336	8,719566	8,779240	8,822460	9,235654	0,000000	0,000000	0,000000	0,000000	0,000000	0,000000	0,000000	0,000000	0,000000
8,423513	0,295682	7,974095	7,990267	8,004082	8,040219	8,267013	8,280959	8,420435	8,435673	8,492894	8,582599	8,654915	8,681759	8,694128	8,708586	8,735717	8,812873	0,000000	0,000000	0,000000	0,000000	0,000000	0,000000	0,000000	0,000000	0,000000	0,000000	0,000000	0,000000
8,381042	0,268384	7,999561	8,047365	8,124267	8,218499	8,243844	8,459026	8,491288	8,508296	8,607200	8,735998	8,756120	0,000000	0,000000	0,000000	0,000000	0,000000	0,000000	0,000000	0,000000	0,000000	0,000000	0,000000	0,000000	0,000000	0,000000	0,000000	0,000000	0,000000
8,148346	0,154961	7,994095	8,081606	8,160422	8,357262	0,000000	0,000000	0,000000	0,000000	0,000000	0,000000	0,000000	0,000000	0,000000	0,000000	0,000000	0,000000	0,000000	0,000000	0,000000	0,000000	0,000000	0,000000	0,000000	0,000000	0,000000	0,000000	0,000000	0,000000
8,298686	0,275675	8,006665	8,040391	8,060907	8,081939	8,147516	8,244498	8,276779	8,407265	8,524761	8,668114	8,826711	0,000000	0,000000	0,000000	0,000000	0,000000	0,000000	0,000000	0,000000	0,000000	0,000000	0,000000	0,000000	0,000000	0,000000	0,000000	0,000000	0,000000
8,346927	0,228940	8,005241	8,019172	8,050235	8,189960	8,199862	8,213738	8,246321	8,255911	8,262585	8,278785	8,325506	8,396658	8,410370	8,493263	8,508264	8,585656	8,634685	8,705723	8,809682	0,000000	0,000000	0,000000	0,000000	0,000000	0,000000	0,000000	0,000000	0,000000
8,360528	0,293967	7,972844	7,995261	8,100824	8,189374	8,196802	8,203758	8,211403	8,269386	8,282972	8,291194	8,632555	8,725374	8,736596	8,766732	8,832841	0,000000	0,000000	0,000000	0,000000	0,000000	0,000000	0,000000	0,000000	0,000000	0,000000	0,000000	0,000000	0,000000
8,281520	0,297277	7,989940	8,000580	8,014144	8,021195	8,028479	8,216831	8,331598	8,347711	8,364430	8,440819	8,798855	8,823662	0,000000	0,000000	0,000000	0,000000	0,000000	0,000000	0,000000	0,000000	0,000000	0,000000	0,000000	0,000000	0,000000	0,000000	0,000000	0,000000
8,287401	0,269249	7,991085	8,017728	8,024231	8,031907	8,058706	8,085101	8,107096	8,195725	8,208297	8,244133	8,296945	8,391368	8,474519	8,606832	8,629028	8,697193	8,825920	0,000000	0,000000	0,000000	0,000000	0,000000	0,000000	0,000000	0,000000	0,000000	0,000000	0,000000
8,438007	0,306253	7,993714	8,007475	8,038322	8,240637	8,372384	8,474770	8,574690	8,580313	8,589988	8,773458	8,790796	8,819538	0,000000	0,000000	0,000000	0,000000	0,000000	0,000000	0,000000	0,000000	0,000000	0,000000	0,000000	0,000000	0,000000	0,000000	0,000000	0,000000
8,368433	0,230953	8,083496	8,112105	8,126796	8,268059	8,306164	8,363976	8,531666	8,542249	8,585211	8,764603	0,000000	0,000000	0,000000	0,000000	0,000000	0,000000	0,000000	0,000000	0,000000	0,000000	0,000000	0,000000	0,000000	0,000000	0,000000	0,000000	0,000000	0,000000
8,439873	0,308110	7,990277	7,999243	8,027174	8,041337	8,080021	8,284321	8,307099	8,363063	8,417860	8,599518	8,639049	8,647415	8,690861	8,734118	8,741124	8,752976	8,761898	8,840370	0,000000	0,000000	0,000000	0,000000	0,000000	0,000000	0,000000	0,000000	0,000000	0,000000
8,380972	0,349512	7,969738	7,978722	7,985757	7,992023	8,000931	8,024571	8,046122	8,062145	8,174117	8,272998	8,287587	8,337516	8,441672	8,539228	8,585263	8,765499	8,775981	8,799388	8,817700	8,829824	8,840327	8,854269	0,000000	0,000000	0,000000	0,000000	0,000000	0,000000
8,371859	0,247871	7,980202	8,011407	8,026363	8,140534	8,205502	8,227938	8,430138	8,466887	8,512066	8,526676	8,535982	8,560119	8,610774	8,659203	8,684100	0,000000	0,000000	0,000000	0,000000	0,000000	0,000000	0,000000	0,000000	0,000000	0,000000	0,000000	0,000000	0,000000
8,376452	0,242218	8,009230	8,015692	8,023280	8,071093	8,179450	8,284187	8,368690	8,392934	8,422444	8,435057	8,477312	8,527731	8,541815	8,588186	8,643328	8,664536	8,754721	0,000000	0,000000	0,000000	0,000000	0,000000	0,000000	0,000000	0,000000	0,000000	0,000000	0,000000
8,365376	0,338473	8,029405	8,071813	8,119474	8,195893	8,209775	8,693291	8,776781	8,826576	0,000000	0,000000	0,000000	0,000000	0,000000	0,000000	0,000000	0,000000	0,000000	0,000000	0,000000	0,000000	0,000000	0,000000	0,000000	0,000000	0,000000	0,000000	0,000000	0,000000
8,454601	0,287639	7,980883	8,005773	8,094225	8,106903	8,303516	8,318388	8,343271	8,354687	8,368014	8,376229	8,512162	8,541184	8,597672	8,648137	8,764711	8,786113	8,812622	8,837332	8,885606	0,000000	0,000000	0,000000	0,000000	0,000000	0,000000	0,000000	0,000000	0,000000
8,367991	0,255740	7,973163	7,990493	8,029959	8,043202	8,155213	8,193156	8,218984	8,308803	8,376196	8,391736	8,429521	8,456609	8,524430	8,546241	8,570358	8,588829	8,704087	8,718542	8,772307	0,000000	0,000000	0,000000	0,000000	0,000000	0,000000	0,000000	0,000000	0,000000
8,289464	0,260253	7,963870	7,995103	8,001775	8,053485	8,059932	8,077127	8,111460	8,192708	8,251896	8,301903	8,367116	8,414919	8,425813	8,438179	8,444909	8,477132	8,780924	8,852094	0,000000	0,000000	0,000000	0,000000	0,000000	0,000000	0,000000	0,000000	0,000000	0,000000
8,420495	0,243182	8,006041	8,113621	8,127808	8,135015	8,179616	8,207721	8,251297	8,391331	8,434847	8,471930	8,495990	8,530310	8,539041	8,572160	8,645292	8,660397	8,668442	8,695821	8,862719	0,000000	0,000000	0,000000	0,000000	0,000000	0,000000	0,000000	0,000000	0,000000
8,375981	0,346029	7,977364	7,985762	8,006540	8,054633	8,167385	8,218825	8,269461	8,412019	8,606576	8,626407	8,811172	8,867426	8,884175	0,000000	0,000000	0,000000	0,000000	0,000000	0,000000	0,000000	0,000000	0,000000	0,000000	0,000000	0,000000	0,000000	0,000000	0,000000
8,393818	0,257461	7,972041	8,107015	8,182346	8,194898	8,305563	8,315470	8,442126	8,487602	8,566773	8,645584	8,689779	8,816617	0,000000	0,000000	0,000000	0,000000	0,000000	0,000000	0,000000	0,000000	0,000000	0,000000	0,000000	0,000000	0,000000	0,000000	0,000000	0,000000
8,468045	0,278408	8,142500	8,154335	8,199902	8,352289	8,382169	8,647022	8,745647	8,771015	8,817523	0,000000	0,000000	0,000000	0,000000	0,000000	0,000000	0,000000	0,000000	0,000000	0,000000	0,000000	0,000000	0,000000	0,000000	0,000000	0,000000	0,000000	0,000000	0,000000
8,343330	0,256578	7,995345	8,001987	8,037347	8,051761	8,070984	8,110704	8,177968	8,210503	8,271676	8,289371	8,324381	8,354316	8,387815	8,402561	8,496695	8,541897	8,589970	8,661693	8,683956	8,766083	8,782911	0,000000	0,000000	0,000000	0,000000	0,000000	0,000000	0,000000
8,415255	0,246605	8,051661	8,090359	8,104936	8,290597	8,318123	8,376117	8,404516	8,464010	8,510748	8,555507	8,660262	8,744671	8,826814	0,000000	0,000000	0,000000	0,000000	0,000000	0,000000	0,000000	0,000000	0,000000	0,000000	0,000000	0,000000	0,000000	0,000000	0,000000
8,400375	0,271556	8,011856	8,081202	8,110277	8,320312	8,332549	8,339575	8,367614	8,430004	8,454387	8,721891	8,776221	8,858617	0,000000	0,000000	0,000000	0,000000	0,000000	0,000000	0,000000	0,000000	0,000000	0,000000	0,000000	0,000000	0,000000	0,000000	0,000000	0,000000
8,432065	0,335020	7,984213	7,990499	8,000020	8,019704	8,162874	8,179971	8,454158	8,597294	8,607463	8,620080	8,703558	8,759544	8,778594	8,801835	8,821165	0,000000	0,000000	0,000000	0,000000	0,000000	0,000000	0,000000	0,000000	0,000000	0,000000	0,000000	0,000000	0,000000
8,290147	0,257940	7,982170	7,988971	7,997166	8,004438	8,035479	8,041214	8,231665	8,244310	8,314228	8,420276	8,451069	8,477652	8,532883	8,593264	8,618781	8,708782	0,000000	0,000000	0,000000	0,000000	0,000000	0,000000	0,000000	0,000000	0,000000	0,000000	0,000000	0,000000
8,299819	0,239235	8,006177	8,012670	8,028373	8,076568	8,181462	8,255803	8,271835	8,287464	8,325801	8,371215	8,438525	8,519937	8,602075	8,819557	0,000000	0,000000	0,000000	0,000000	0,000000	0,000000	0,000000	0,000000	0,000000	0,000000	0,000000	0,000000	0,000000	0,000000
8,473988	0,219264	8,273507	8,290200	8,300020	8,335053	8,353390	8,392692	8,458002	8,720687	8,766140	8,850193	0,000000	0,000000	0,000000	0,000000	0,000000	0,000000	0,000000	0,000000	0,000000	0,000000	0,000000	0,000000	0,000000	0,000000	0,000000	0,000000	0,000000	0,000000
8,353678	0,221774	7,987635	8,007896	8,065238	8,077676	8,266255	8,299397	8,332461	8,336875	8,414270	8,441398	8,502369	8,523088	8,544671	8,587343	8,617577	8,654694	0,000000	0,000000	0,000000	0,000000	0,000000	0,000000	0,000000	0,000000	0,000000	0,000000	0,000000	0,000000
8,405488	0,296089	7,999861	8,063019	8,112472	8,121297	8,144015	8,197591	8,211616	8,238778	8,300336	8,418371	8,586697	8,635559	8,736417	8,750763	8,766352	8,773366	8,836783	0,000000	0,000000	0,000000	0,000000	0,000000	0,000000	0,000000	0,000000	0,000000	0,000000	0,000000
8,333624	0,275540	7,974916	7,983504	8,026099	8,101428	8,156479	8,192362	8,269220	8,274196	8,281793	8,289503	8,325455	8,618317	8,632900	8,647224	8,738695	8,825896	0,000000	0,000000	0,000000	0,000000	0,000000	0,000000	0,000000	0,000000	0,000000	0,000000	0,000000	0,000000
8,327259	0,249522	7,987285	8,048596	8,055363	8,086757	8,194934	8,201012	8,209027	8,230771	8,348315	8,401127	8,533487	8,561191	8,643619	8,663293	8,744105	0,000000	0,000000	0,000000	0,000000	0,000000	0,000000	0,000000	0,000000	0,000000	0,000000	0,000000	0,000000	0,000000
8,398971	0,295187	7,986357	7,996419	8,002209	8,014604	8,038685	8,045093	8,052523	8,078881	8,100760	8,177977	8,282276	8,354872	8,368137	8,384498	8,515323	8,588656	8,595393	8,602065	8,610360	8,617386	8,632160	8,640478	8,689300	8,712440	8,721110	8,724769	8,780104	8,858341
8,402898	0,260454	8,010201	8,016458	8,024760	8,155817	8,171647	8,195824	8,202704	8,210724	8,217761	8,370591	8,389431	8,432162	8,450097	8,479336	8,494723	8,506982	8,524929	8,580394	8,589212	8,782905	8,808740	8,817327	8,833921	0,000000	0,000000	0,000000	0,000000	0,000000
8,397264	0,285261	7,993884	8,014909	8,032908	8,069693	8,123762	8,144484	8,193063	8,280943	8,294516	8,310416	8,327558	8,405301	8,436714	8,445888	8,476727	8,498803	8,626136	8,754821	8,787735	8,829734	8,838846	8,852965	0,000000	0,000000	0,000000	0,000000	0,000000	0,000000
8,250126	0,272030	7,973243	8,015990	8,022730	8,022176	8,030192	8,051674	8,073457	8,097005	8,102036	8,109088	8,118832	8,128409	8,135735	8,155091	8,176826	8,195962	8,228172	8,331118	8,390326	8,566795	8,669533	8,786483	8,799585	8,822564	0,000000	0,000000	0,000000	0,000000
8,362237	0,271058	7,977788	7,988365	7,997491	8,010023	8,142631	8,162445	8,188395	8,331491	8,386326	8,425316	8,503895	8,512530	8,543601	8,571932	8,634286	8,647606	8,685729	8,810421	0,000000	0,000000	0,000000	0,000000	0,000000	0,000000	0,000000	0,000000	0,000000	0,000000
8,379591	0,224489	8,003144	8,032864	8,067153	8,147228	8,162902	8,333161	8,347628	8,354436	8,365709	8,484082	8,531393	8,554072	8,579050	8,596846	8,611520	8,635807	8,646052	0,000000	0,000000	0,000000	0,000000	0,000000	0,000000	0,000000	0,000000	0,000000	0,000000	0,000000
8,314986	0,310340	7,955617	7,989214	7,995805	8,002625	8,011501	8,017067	8,027159	8,065929	8,151092	8,299874	8,377670	8,481325	8,491346	8,574103	8,591106	8,662335	8,669715	8,777801	8,843460	0,000000	0,000000	0,000000	0,000000	0,000000	0,000000	0,000000	0,000000	0,000000
8,560869	0,209736	8,005239	8,239727	8,269330	8,470986	8,485382	8,519415	8,542571	8,592071	8,597438	8,604856	8,653906	8,671327	8,684096	8,696688	8,713675	8,742628	8,767032	8,839271	0,000000	0,000000	0,000000	0,000000	0,000000	0,000000	0,000000	0,000000	0,000000	0,000000
8,302025	0,238255	7,983169	8,016195	8,070227	8,122183	8,149433	8,162730	8,176650	8,183301	8,222955	8,235862	8,248190	8,273160	8,382867	8,514222	8,628426	8,662524	8,688022	8,716336	0,000000	0,000000	0,000000	0,000000	0,000000	0,000000	0,000000	0,000000	0,000000	0,000000
8,321658	0,296108	7,991187	8,006965	8,013286	8,020944	8,064547	8,082288	8,095964	8,134788	8,185364	8,336496	8,396135	8,464585	8,472579	8,486306	8,678370	8,700870	8,775507	8,883662	0,000000	0,000000	0,000000	0,000000	0,000000	0,000000	0,000000	0,000000	0,000000	0,000000
8,255115	0,288925	7,985975	7,999680	8,007842	8,014720	8,020471	8,028413	8,061458	8,264550	8,296722	8,343918	8,392205	8,629906	8,758458	8,767286	0,000000	0,000000	0,000000	0,000000	0,000000	0,000000	0,000000	0,000000	0,000000	0,000000	0,000000	0,000000	0,000000	0,000000
8,289552	0,253760	7,980408	7,993739	8,008525	8,052835	8,122440	8,135905	8,183917	8,210874	8,217443	8,231724	8,328760	8,348727	8,451509	8,536674	8,598599	8,715385	8,804927	0,000000	0,000000	0,000000	0,000000	0,000000	0,000000	0,000000	0,000000	0,000000	0,000000	0,000000
8,381539	0,321953	7,996260	8,008889	8,016370	8,083692	8,158596	8,356800	8,377283	8,624140	8,672233	8,722446	8,749538	8,812221	0,000000	0,000000	0,000000	0,000000	0,000000	0,000000	0,000000	0,000000	0,000000	0,000000	0,000000	0,000000	0,000000	0,000000	0,000000	0,000000
8,426584	0,199362	8,156193	8,224565	8,352893	8,387821	8,584167	8,612829	8,667617	0,000000	0,000000	0,000000	0,000000	0,000000	0,000000	0,000000	0,000000	0,000000	0,000000	0,000000	0,000000	0,000000	0,000000	0,000000	0,000000	0,000000	0,000000	0,000000	0,000000	0,000000
8,342490	0,234345	7,997168	8,003979	8,020929	8,185423	8,238370	8,260149	8,270202	8,285733	8,292516	8,331125	8,349030	8,408672	8,519633	8,578140	8,617493	8,637396	8,826380	0,000000	0,000000	0,000000	0,000000	0,000000	0,000000	0,000000	0,000000	0,000000	0,000000	0,000000
8,334199	0,269123	7,969521	7,978510	7,986733	8,000881	8,007836	8,021070	8,041842	8,074362	8,082260	8,100120	8,264200	8,296438	8,302795	8,418965	8,447021	8,452795	8,460766	8,469295	8,524408	8,532893	8,586272	8,599698	8,606697	8,614387	8,635071	8,767131	8,781394	0,000000
8,432547	0,296012	8,040463	8,049923	8,064123	8,086811	8,105295	8,210879	8,254474	8,302450	8,358428	8,474223	8,681686	8,687494	8,694783	8,702788	8,729177	8,754962	8,787633	8,800245	0,000000	0,000000	0,000000	0,000000	0,000000	0,000000	0,000000	0,000000	0,000000	0,000000
8,441773	0,259077	7,972898	8,103790	8,110335	8,139231	8,170472	8,266619	8,302976	8,365325	8,425370	8,452227	8,465059	8,509693	8,553561	8,574258	8,593489	8,645974	8,731732	8,792745	8,800956	8,858757	0,000000	0,000000	0,000000	0,000000	0,000000	0,000000	0,000000	0,000000
8,397226	0,268459	7,987963	8,047009	8,052450	8,069196	8,208955	8,337739	8,368235	8,439640	8,543982	8,557762	8,566940	8,593884	8,672805	8,719197	8,792626	0,000000	0,000000	0,000000	0,000000	0,000000	0,000000	0,000000	0,000000	0,000000	0,000000	0,000000	0,000000	0,000000
8,333847	0,241339	7,973894	8,062279	8,076818	8,084301	8,105676	8,128517	8,233686	8,293214	8,425957	8,463931	8,478658	8,486881	8,550326	8,627827	8,658540	8,691056	0,000000	0,000000	0,000000	0,000000	0,000000	0,000000	0,000000	0,000000	0,000000	0,000000	0,000000	0,000000
8,371322	0,272860	8,003741	8,162373	8,168965	8,176476	8,191981	8,285644	8,304192	8,356889	8,462897	8,742123	8,760560	8,840029	0,000000	0,000000	0,000000	0,000000	0,000000	0,000000	0,000000	0,000000	0,000000	0,000000	0,000000	0,000000	0,000000	0,000000	0,000000	0,000000
8,424043	0,319988	7,978018	7,996862	8,009137	8,386245	8,493830	8,533118	8,593577	8,723468	8,736009	8,790168	0,000000	0,000000	0,000000	0,000000	0,000000	0,000000	0,000000	0,000000	0,000000	0,000000	0,000000	0,000000	0,000000	0,000000	0,000000	0,000000	0,000000	0,000000
8,431537	0,226805	7,969378	7,984320	8,412044	8,462577	8,473263	8,479707	8,486142	8,492988	8,517878	8,553219	8,653827	8,693101	0,000000	0,000000	0,000000	0,000000	0,000000	0,000000	0,000000	0,000000	0,000000	0,000000	0,000000	0,000000	0,000000	0,000000	0,000000	0,000000
8,214278	0,220441	8,007407	8,013823	8,022133	8,029371	8,045915	8,059730	8,068248	8,105944	8,174350	8,291135	8,312657	8,351040	8,500196	8,602590	8,629635	0,000000	0,000000	0,000000	0,000000	0,000000	0,000000	0,000000	0,000000	0,000000	0,000000	0,000000	0,000000	0,000000
8,324422	0,223932	7,990335	8,000300	8,048077	8,116042	8,161011	8,174944	8,213078	8,225008	8,248707	8,303314	8,315349	8,422164	8,437312	8,449944	8,504804	8,582797	8,590002	8,610436	8,770388	0,000000	0,000000	0,000000	0,000000	0,000000	0,000000	0,000000	0,000000	0,000000
8,490786	0,261390	8,026514	8,082380	8,088503	8,361290	8,417804	8,467504	8,585391	8,617231	8,622602	8,629788	8,712599	8,719619	8,735190	8,804587	0,000000	0,000000	0,000000	0,000000	0,000000	0,000000	0,000000	0,000000	0,000000	0,000000	0,000000	0,000000	0,000000	0,000000
8,310574	0,176342	8,007331	8,149832	8,155261	8,162939	8,203394	8,275707	8,285055	8,295173	8,308507	8,328599	8,339476	8,386344	8,396345	8,407814	8,465467	8,801933	0,000000	0,000000	0,000000	0,000000	0,000000	0,000000	0,000000	0,000000	0,000000	0,000000	0,000000	0,000000
8,470036	0,336409	8,003481	8,060146	8,244267	8,339204	8,486762	8,547665	8,770318	8,846480	8,931997	0,000000	0,000000	0,000000	0,000000	0,000000	0,000000	0,000000	0,000000	0,000000	0,000000	0,000000	0,000000	0,000000	0,000000	0,000000	0,000000	0,000000	0,000000	0,000000
8,321079	0,278519	8,015236	8,028959	8,037291	8,055599	8,100304	8,110098	8,137572	8,159660	8,216277	8,317378	8,326031	8,339665	8,393231	8,533430	8,628960	8,709961	8,825583	8,844192	0,000000	0,000000	0,000000	0,000000	0,000000	0,000000	0,000000	0,000000	0,000000	0,000000
8,443402	0,273817	7,983094	8,153714	8,176230	8,207302	8,220270	8,227447	8,324840	8,400701	8,420817	8,460936	8,666070	8,720384	8,765845	8,779681	8,790212	8,796893	0,000000	0,000000	0,000000	0,000000	0,000000	0,000000	0,000000	0,000000	0,000000	0,000000	0,000000	0,000000
8,402342	0,288167	7,994331	8,001821	8,016868	8,044396	8,365078	8,394530	8,401285	8,497955	8,516277	8,530165	8,578679	8,713894	8,720885	8,856624	0,000000	0,000000	0,000000	0,000000	0,000000	0,000000	0,000000	0,000000	0,000000	0,000000	0,000000	0,000000	0,000000	0,000000
8,507782	0,315390	7,981117	7,997001	8,160716	8,255790	8,438785	8,553309	8,622806	8,634120	8,647615	8,771493	8,806914	8,849338	8,882157	0,000000	0,000000	0,000000	0,000000	0,000000	0,000000	0,000000	0,000000	0,000000	0,000000	0,000000	0,000000	0,000000	0,000000	0,000000
8,331824	0,302371	7,999682	8,006096	8,013129	8,020757	8,063649	8,134180	8,149007	8,158434	8,191769	8,214982	8,222114	8,272942	8,373101	8,409872	8,451631	8,674785	8,761395	8,812465	8,846776	8,859705	0,000000	0,000000	0,000000	0,000000	0,000000	0,000000	0,000000	0,000000
8,352188	0,303449	7,975105	7,998680	8,005405	8,034350	8,485864	8,574657	8,581479	8,595536	8,616459	8,654342	0,000000	0,000000	0,000000	0,000000	0,000000	0,000000	0,000000	0,000000	0,000000	0,000000	0,000000	0,000000	0,000000	0,000000	0,000000	0,000000	0,000000	0,000000
8,415022	0,317664	8,029207	8,040158	8,061876	8,089774	8,123085	8,137556	8,143632	8,198244	8,279470	8,333956	8,339359	8,353975	8,624772	8,640109	8,731917	8,797818	8,813131	8,827482	8,851076	8,883839	0,000000	0,000000	0,000000	0,000000	0,000000	0,000000	0,000000	0,000000
8,302467	0,243726	7,978872	7,994171	8,030608	8,201213	8,246990	8,254473	8,264173	8,278603	8,291896	8,297992	8,311430	8,319240	8,444715	8,782066	8,840569	0,000000	0,000000	0,000000	0,000000	0,000000	0,000000	0,000000	0,000000	0,000000	0,000000	0,000000	0,000000	0,000000
8,344857	0,272168	7,983476	8,000359	8,044290	8,091284	8,161755	8,225578	8,279063	8,315013	8,339362	8,434217	8,440621	8,609273	8,716129	8,758020	8,774413	0,000000	0,000000	0,000000	0,000000	0,000000	0,000000	0,000000	0,000000	0,000000	0,000000	0,000000	0,000000	0,000000
8,267605	0,275855	7,974324	8,002774	8,016536	8,025116	8,046666	8,072709	8,171734	8,191883	8,201920	8,220472	8,248055	8,319420	8,622357	8,663713	8,745114	8,758891	0,000000	0,000000	0,000000	0,000000	0,000000	0,000000	0,000000	0,000000	0,000000	0,000000	0,000000	0,000000
8,601090	0,182887	8,222646	8,481984	8,503806	8,514211	8,566985	8,652713	8,674289	8,775612	8,798340	8,820310	0,000000	0,000000	0,000000	0,000000	0,000000	0,000000	0,000000	0,000000	0,000000	0,000000	0,000000	0,000000	0,000000	0,000000	0,000000	0,000000	0,000000	0,000000
8,330819	0,302297	7,977020	7,983584	7,995628	8,024441	8,047852	8,104799	8,125684	8,154936	8,232583	8,367123	8,487840	8,639276	8,654607	8,674391	8,690323	8,705996	8,757836	0,000000	0,000000	0,000000	0,000000	0,000000	0,000000	0,000000	0,000000	0,000000	0,000000	0,000000
8,378568	0,263446	8,001930	8,066313	8,073619	8,080155	8,088188	8,126020	8,168133	8,322814	8,329431	8,378757	8,459111	8,510639	8,550055	8,573559	8,583180	8,614344	8,659542	8,780544	8,826463	0,000000	0,000000	0,000000	0,000000	0,000000	0,000000	0,000000	0,000000	0,000000
8,328379	0,262244	7,988719	7,999422	8,012990	8,125900	8,295724	8,387878	8,444298	8,457872	8,550593	8,669969	8,678800	0,000000	0,000000	0,000000	0,000000	0,000000	0,000000	0,000000	0,000000	0,000000	0,000000	0,000000	0,000000	0,000000	0,000000	0,000000	0,000000	0,000000
8,301243	0,262796	8,001390	8,008057	8,015416	8,023966	8,100294	8,132724	8,150021	8,160452	8,172084	8,334940	8,366114	8,484533	8,500513	8,586571	8,599969	8,694691	8,789390	0,000000	0,000000	0,000000	0,000000	0,000000	0,000000	0,000000	0,000000	0,000000	0,000000	0,000000
8,339932	0,335393	7,976199	7,986497	7,994900	8,021944	8,097976	8,105577	8,111600	8,119721	8,410275	8,557815	8,648182	8,719925	8,751791	8,768897	8,827677	0,000000	0,000000	0,000000	0,000000	0,000000	0,000000	0,000000	0,000000	0,000000	0,000000	0,000000	0,000000	0,000000
8,466541	0,235988	8,147446	8,154479	8,189433	8,349043	8,361669	8,535220	8,605038	8,618203	8,671578	8,692671	8,807174	0,000000	0,000000	0,000000	0,000000	0,000000	0,000000	0,000000	0,000000	0,000000	0,000000	0,000000	0,000000	0,000000	0,000000	0,000000	0,000000	0,000000
8,237895	0,249866	7,993201	7,999904	8,007589	8,019428	8,067691	8,096465	8,385441	8,432426	8,446768	8,496467	8,671458	0,000000	0,000000	0,000000	0,000000	0,000000	0,000000	0,000000	0,000000	0,000000	0,000000	0,000000	0,000000	0,000000	0,000000	0,000000	0,000000	0,000000
8,303453	0,265430	7,978060	8,015108	8,033605	8,050026	8,109064	8,152743	8,173196	8,367219	8,482701	8,491989	8,497039	8,505276	8,531883	8,860432	0,000000	0,000000	0,000000	0,000000	0,000000	0,000000	0,000000	0,000000	0,000000	0,000000	0,000000	0,000000	0,000000	0,000000
8,302139	0,283732	7,993060	8,024885	8,045534	8,130918	8,174260	8,431586	8,610084	8,642889	8,666032	0,000000	0,000000	0,000000	0,000000	0,000000	0,000000	0,000000	0,000000	0,000000	0,000000	0,000000	0,000000	0,000000	0,000000	0,000000	0,000000	0,000000	0,000000	0,000000
8,463388	0,282298	7,987470	8,106243	8,121371	8,166801	8,250439	8,266313	8,343848	8,353077	8,366661	8,440016	8,617493	8,653820	8,686810	8,704022	8,797230	8,810041	8,828246	8,841085	0,000000	0,000000	0,000000	0,000000	0,000000	0,000000	0,000000	0,000000	0,000000	0,000000
8,216268	0,240868	7,977041	7,988453	7,998962	8,008033	8,020678	8,041336	8,107914	8,258325	8,283763	8,463897	8,505793	8,548668	8,608619	0,000000	0,000000	0,000000	0,000000	0,000000	0,000000	0,000000	0,000000	0,000000	0,000000	0,000000	0,000000	0,000000	0,000000	0,000000
8,412374	0,288839	7,970124	7,989906	8,021955	8,125126	8,164930	8,268554	8,336964	8,461835	8,509281	8,544468	8,582972	8,681368	8,694960	8,712260	8,726167	8,807112	0,000000	0,000000	0,000000	0,000000	0,000000	0,000000	0,000000	0,000000	0,000000	0,000000	0,000000	0,000000
8,403623	0,264637	7,986308	8,004389	8,083321	8,197473	8,245440	8,307160	8,404780	8,570685	8,578366	8,584926	8,592908	8,653236	8,662866	8,778863	0,000000	0,000000	0,000000	0,000000	0,000000	0,000000	0,000000	0,000000	0,000000	0,000000	0,000000	0,000000	0,000000	0,000000
8,232394	0,239300	7,985601	7,994262	8,002016	8,010722	8,024672	8,051164	8,108878	8,168508	8,211290	8,285006	8,331914	8,356323	8,390282	8,470924	8,487260	8,839477	0,000000	0,000000	0,000000	0,000000	0,000000	0,000000	0,000000	0,000000	0,000000	0,000000	0,000000	0,000000
8,381585	0,285998	8,011355	8,034005	8,049841	8,107789	8,217045	8,255726	8,372938	8,404055	8,428440	8,475226	8,590671	8,778769	8,791346	8,824977	0,000000	0,000000	0,000000	0,000000	0,000000	0,000000	0,000000	0,000000	0,000000	0,000000	0,000000	0,000000	0,000000	0,000000
8,271047	0,279278	7,979707	7,996766	8,002025	8,013212	8,018999	8,026795	8,066630	8,140174	8,338824	8,477427	8,538364	8,547238	8,569696	8,658459	8,691382	0,000000	0,000000	0,000000	0,000000	0,000000	0,000000	0,000000	0,000000	0,000000	0,000000	0,000000	0,000000	0,000000
8,617243	0,255937	7,988319	8,266269	8,307563	8,319028	8,335759	8,513470	8,626333	8,634243	8,649006	8,656108	8,693521	8,709839	8,735509	8,741089	8,756615	8,798158	8,820406	8,847133	8,925030	9,021454	0,000000	0,000000	0,000000	0,000000	0,000000	0,000000	0,000000	0,000000
8,372034	0,308891	7,978219	8,055124	8,062215	8,110432	8,539501	8,607574	8,629370	8,670674	8,695192	0,000000	0,000000	0,000000	0,000000	0,000000	0,000000	0,000000	0,000000	0,000000	0,000000	0,000000	0,000000	0,000000	0,000000	0,000000	0,000000	0,000000	0,000000	0,000000
8,230620	0,254790	7,979458	7,985122	7,995129	8,007838	8,022283	8,048317	8,074433	8,095708	8,342775	8,445108	8,483435	8,563647	8,574923	8,610505	0,000000	0,000000	0,000000	0,000000	0,000000	0,000000	0,000000	0,000000	0,000000	0,000000	0,000000	0,000000	0,000000	0,000000
8,269870	0,233430	8,001347	8,012947	8,024688	8,059240	8,076367	8,217984	8,244542	8,264085	8,358847	8,475592	8,505721	8,623678	8,643267	0,000000	0,000000	0,000000	0,000000	0,000000	0,000000	0,000000	0,000000	0,000000	0,000000	0,000000	0,000000	0,000000	0,000000	0,000000
8,411646	0,223437	7,985169	8,023369	8,171578	8,264673	8,419012	8,450180	8,456891	8,464465	8,474232	8,512020	8,528327	8,646313	8,669650	8,697162	0,000000	0,000000	0,000000	0,000000	0,000000	0,000000	0,000000	0,000000	0,000000	0,000000	0,000000	0,000000	0,000000	0,000000
8,439375	0,214690	8,106678	8,124678	8,176129	8,263407	8,309594	8,323089	8,419061	8,432963	8,457506	8,624396	8,638835	8,661842	8,668664	8,675464	8,708324	0,000000	0,000000	0,000000	0,000000	0,000000	0,000000	0,000000	0,000000	0,000000	0,000000	0,000000	0,000000	0,000000
8,372291	0,323347	7,986846	8,004212	8,012125	8,017986	8,025938	8,068257	8,122891	8,159291	8,181013	8,295182	8,411522	8,471968	8,493158	8,574992	8,611304	8,641017	8,781136	8,848942	8,855503	8,882538	0,000000	0,000000	0,000000	0,000000	0,000000	0,000000	0,000000	0,000000
8,429079	0,280052	7,984479	7,995759	8,192823	8,199006	8,206275	8,213829	8,308292	8,377425	8,524373	8,538271	8,624082	8,659881	8,684907	8,701533	8,820180	8,834146	0,000000	0,000000	0,000000	0,000000	0,000000	0,000000	0,000000	0,000000	0,000000	0,000000	0,000000	0,000000
8,438477	0,267618	7,984970	7,996896	8,172311	8,245771	8,259549	8,268227	8,391638	8,461406	8,491613	8,505789	8,511404	8,658503	8,702342	8,743911	8,789421	8,831883	0,000000	0,000000	0,000000	0,000000	0,000000	0,000000	0,000000	0,000000	0,000000	0,000000	0,000000	0,000000
8,274355	0,230901	8,070061	8,081693	8,116564	8,185348	8,199089	8,217241	8,240782	8,287774	8,529518	8,815482	0,000000	0,000000	0,000000	0,000000	0,000000	0,000000	0,000000	0,000000	0,000000	0,000000	0,000000	0,000000	0,000000	0,000000	0,000000	0,000000	0,000000	0,000000
8,406785	0,269154	7,970378	7,990821	8,200880	8,219133	8,233610	8,240059	8,248014	8,484315	8,523546	8,559888	8,568660	8,583603	8,657912	8,793460	8,827498	0,000000	0,000000	0,000000	0,000000	0,000000	0,000000	0,000000	0,000000	0,000000	0,000000	0,000000	0,000000	0,000000
8,271917	0,240902	7,980633	8,013258	8,037056	8,043967	8,059567	8,111506	8,128226	8,149341	8,171120	8,192917	8,213160	8,244577	8,281294	8,358516	8,364203	8,439985	8,452275	8,680398	8,753026	8,763310	0,000000	0,000000	0,000000	0,000000	0,000000	0,000000	0,000000	0,000000
8,307515	0,262060	7,993572	8,001428	8,021811	8,038608	8,101111	8,143860	8,169427	8,222904	8,236521	8,248287	8,263295	8,458182	8,482509	8,514801	8,531742	8,569743	8,575877	8,961601	0,000000	0,000000	0,000000	0,000000	0,000000	0,000000	0,000000	0,000000	0,000000	0,000000
8,255240	0,207494	7,974488	8,044372	8,084498	8,134328	8,153888	8,206778	8,231307	8,261863	8,340819	8,425261	8,514060	8,691218	0,000000	0,000000	0,000000	0,000000	0,000000	0,000000	0,000000	0,000000	0,000000	0,000000	0,000000	0,000000	0,000000	0,000000	0,000000	0,000000
8,212185	0,243195	7,998339	8,005326	8,011879	8,020039	8,104205	8,253674	8,356796	8,539997	8,619413	0,000000	0,000000	0,000000	0,000000	0,000000	0,000000	0,000000	0,000000	0,000000	0,000000	0,000000	0,000000	0,000000	0,000000	0,000000	0,000000	0,000000	0,000000	0,000000
8,302175	0,298369	7,983769	8,000334	8,040704	8,068053	8,078960	8,094596	8,165215	8,177294	8,266271	8,280391	8,487564	8,567648	8,636767	8,821602	8,863451	0,000000	0,000000	0,000000	0,000000	0,000000	0,000000	0,000000	0,000000	0,000000	0,000000	0,000000	0,000000	0,000000
8,518951	0,378109	7,972137	7,986288	8,000145	8,404654	8,431160	8,731233	8,775919	8,807223	8,853109	8,870029	8,876562	0,000000	0,000000	0,000000	0,000000	0,000000	0,000000	0,000000	0,000000	0,000000	0,000000	0,000000	0,000000	0,000000	0,000000	0,000000	0,000000	0,000000
8,305495	0,237703	7,993046	7,999767	8,006413	8,014804	8,046273	8,143801	8,187417	8,252631	8,264205	8,300560	8,328136	8,342518	8,380615	8,430532	8,553382	8,577383	8,622968	8,665984	8,693979	0,000000	0,000000	0,000000	0,000000	0,000000	0,000000	0,000000	0,000000	0,000000
8,265004	0,229955	7,980617	7,994360	8,110016	8,127362	8,134862	8,141267	8,149070	8,159590	8,446927	8,469606	8,482795	8,617222	8,631357	0,000000	0,000000	0,000000	0,000000	0,000000	0,000000	0,000000	0,000000	0,000000	0,000000	0,000000	0,000000	0,000000	0,000000	0,000000
8,486844	0,241053	8,120311	8,140594	8,159878	8,321098	8,349298	8,365303	8,413321	8,506671	8,549626	8,615218	8,663581	8,729897	8,777485	8,791077	8,799297	0,000000	0,000000	0,000000	0,000000	0,000000	0,000000	0,000000	0,000000	0,000000	0,000000	0,000000	0,000000	0,000000
8,289214	0,218973	8,001538	8,081110	8,157926	8,164224	8,177738	8,191329	8,262491	8,309523	8,329736	8,404214	8,678214	8,712527	0,000000	0,000000	0,000000	0,000000	0,000000	0,000000	0,000000	0,000000	0,000000	0,000000	0,000000	0,000000	0,000000	0,000000	0,000000	0,000000
8,370522	0,306998	7,979803	7,994351	8,010681	8,018596	8,032912	8,040893	8,130248	8,232873	8,314552	8,349070	8,407185	8,418224	8,479695	8,532127	8,551829	8,700115	8,754474	8,799180	8,817789	8,845837	0,000000	0,000000	0,000000	0,000000	0,000000	0,000000	0,000000	0,000000
8,319519	0,287155	7,985668	8,008202	8,045190	8,051075	8,087961	8,102578	8,171591	8,244107	8,571366	8,585374	8,629980	8,635190	8,649358	8,705621	0,000000	0,000000	0,000000	0,000000	0,000000	0,000000	0,000000	0,000000	0,000000	0,000000	0,000000	0,000000	0,000000	0,000000
8,276161	0,259592	7,979346	7,991162	7,997785	8,004989	8,015081	8,051927	8,084413	8,093537	8,190556	8,203114	8,210169	8,246321	8,268381	8,297102	8,326233	8,370813	8,395597	8,423918	8,662065	8,710983	8,740427	8,811631	0,000000	0,000000	0,000000	0,000000	0,000000	0,000000
8,329787	0,220167	8,057607	8,065310	8,086809	8,106835	8,122959	8,129488	8,189613	8,237579	8,270248	8,284426	8,292546	8,324682	8,339065	8,418419	8,468036	8,518308	8,543978	8,699110	8,710739	8,729989	0,000000	0,000000	0,000000	0,000000	0,000000	0,000000	0,000000	0,000000
8,302437	0,395513	7,972957	7,988470	7,999195	8,012460	8,026369	8,033312	8,546267	8,690264	8,829023	8,926055	0,000000	0,000000	0,000000	0,000000	0,000000	0,000000	0,000000	0,000000	0,000000	0,000000	0,000000	0,000000	0,000000	0,000000	0,000000	0,000000	0,000000	0,000000
8,355596	0,284209	7,991464	8,085738	8,100055	8,122727	8,152458	8,355299	8,448283	8,548475	8,607942	8,645514	8,853605	0,000000	0,000000	0,000000	0,000000	0,000000	0,000000	0,000000	0,000000	0,000000	0,000000	0,000000	0,000000	0,000000	0,000000	0,000000	0,000000	0,000000
8,502283	0,245467	8,127796	8,170415	8,200620	8,378114	8,425018	8,501862	8,530693	8,650570	8,690312	8,734926	8,799063	8,818003	0,000000	0,000000	0,000000	0,000000	0,000000	0,000000	0,000000	0,000000	0,000000	0,000000	0,000000	0,000000	0,000000	0,000000	0,000000	0,000000
8,449675	0,276024	8,006607	8,016592	8,259088	8,337915	8,466878	8,504161	8,534879	8,569798	8,601597	8,813208	8,835701	0,000000	0,000000	0,000000	0,000000	0,000000	0,000000	0,000000	0,000000	0,000000	0,000000	0,000000	0,000000	0,000000	0,000000	0,000000	0,000000	0,000000
8,275360	0,250640	7,986565	8,010237	8,047063	8,070327	8,107129	8,203005	8,228799	8,242632	8,250133	8,281801	8,307973	8,337081	8,455934	8,753899	8,847815	0,000000	0,000000	0,000000	0,000000	0,000000	0,000000	0,000000	0,000000	0,000000	0,000000	0,000000	0,000000	0,000000
8,393435	0,326306	7,996235	8,010973	8,018203	8,048269	8,087103	8,181233	8,296296	8,356183	8,531774	8,569986	8,614326	8,679798	8,786443	8,833540	8,891160	0,000000	0,000000	0,000000	0,000000	0,000000	0,000000	0,000000	0,000000	0,000000	0,000000	0,000000	0,000000	0,000000
8,316423	0,230211	8,008319	8,015282	8,061536	8,152798	8,214476	8,233233	8,288284	8,356160	8,377183	8,540679	8,564096	8,644465	8,656993	0,000000	0,000000	0,000000	0,000000	0,000000	0,000000	0,000000	0,000000	0,000000	0,000000	0,000000	0,000000	0,000000	0,000000	0,000000
8,338524	0,288792	8,004430	8,011431	8,023388	8,088377	8,096398	8,104226	8,161140	8,490628	8,528968	8,550694	8,607972	8,646902	8,652960	8,771820	0,000000	0,000000	0,000000	0,000000	0,000000	0,000000	0,000000	0,000000	0,000000	0,000000	0,000000	0,000000	0,000000	0,000000
8,398803	0,288012	8,003764	8,150339	8,172684	8,199405	8,258129	8,366080	8,577909	8,683396	8,768882	8,807443	0,000000	0,000000	0,000000	0,000000	0,000000	0,000000	0,000000	0,000000	0,000000	0,000000	0,000000	0,000000	0,000000	0,000000	0,000000	0,000000	0,000000	0,000000
8,384308	0,224539	7,995052	8,059995	8,207272	8,235795	8,279658	8,366198	8,398760	8,438156	8,469229	8,540602	8,602757	8,690218	8,712311	0,000000	0,000000	0,000000	0,000000	0,000000	0,000000	0,000000	0,000000	0,000000	0,000000	0,000000	0,000000	0,000000	0,000000	0,000000
8,464152	0,234317	8,019499	8,092127	8,220847	8,534314	8,550363	8,570875	8,591357	8,608311	8,623333	8,630361	8,664290	0,000000	0,000000	0,000000	0,000000	0,000000	0,000000	0,000000	0,000000	0,000000	0,000000	0,000000	0,000000	0,000000	0,000000	0,000000	0,000000	0,000000
8,290200	0,239652	7,999006	8,012537	8,018788	8,036844	8,071132	8,091061	8,181505	8,245707	8,254929	8,302887	8,370256	8,405434	8,455679	8,501926	8,580560	8,698746	8,706400	0,000000	0,000000	0,000000	0,000000	0,000000	0,000000	0,000000	0,000000	0,000000	0,000000	0,000000
8,423305	0,286635	7,981306	7,993359	8,006909	8,132957	8,228932	8,265147	8,293768	8,317000	8,376647	8,458688	8,540147	8,581049	8,622066	8,718420	8,743616	8,767063	8,780621	8,811799	0,000000	0,000000	0,000000	0,000000	0,000000	0,000000	0,000000	0,000000	0,000000	0,000000
8,351316	0,248205	8,002926	8,087996	8,113773	8,138025	8,146723	8,249505	8,262150	8,307536	8,385604	8,584535	8,606619	8,622277	8,680180	8,730573	0,000000	0,000000	0,000000	0,000000	0,000000	0,000000	0,000000	0,000000	0,000000	0,000000	0,000000	0,000000	0,000000	0,000000
8,384438	0,208274	7,998662	8,094080	8,258298	8,313532	8,343342	8,356926	8,365230	8,383476	8,404082	8,444799	8,665886	8,677644	8,691743	0,000000	0,000000	0,000000	0,000000	0,000000	0,000000	0,000000	0,000000	0,000000	0,000000	0,000000	0,000000	0,000000	0,000000	0,000000
8,232387	0,254423	7,998436	8,006368	8,015466	8,029161	8,037809	8,058095	8,099426	8,130936	8,163508	8,187336	8,317532	8,472665	8,600359	8,675760	8,692941	0,000000	0,000000	0,000000	0,000000	0,000000	0,000000	0,000000	0,000000	0,000000	0,000000	0,000000	0,000000	0,000000
8,266601	0,257729	7,969007	7,986836	7,998843	8,028397	8,039512	8,055333	8,062216	8,134512	8,336556	8,362073	8,425433	8,451265	8,501940	8,593467	8,645970	8,674260	0,000000	0,000000	0,000000	0,000000	0,000000	0,000000	0,000000	0,000000	0,000000	0,000000	0,000000	0,000000
8,538754	0,306455	7,993313	8,108660	8,151596	8,279889	8,344462	8,438564	8,505234	8,558722	8,681962	8,759000	8,795241	8,825243	8,867323	8,881616	8,890489	0,000000	0,000000	0,000000	0,000000	0,000000	0,000000	0,000000	0,000000	0,000000	0,000000	0,000000	0,000000	0,000000
8,389016	0,337657	7,986585	8,000624	8,007682	8,016374	8,030354	8,055904	8,085667	8,170404	8,206635	8,278476	8,363329	8,586256	8,609590	8,645464	8,712859	8,726829	8,766383	8,773685	8,851228	8,905996	0,000000	0,000000	0,000000	0,000000	0,000000	0,000000	0,000000	0,000000
8,340905	0,293556	7,989817	8,003505	8,010634	8,032817	8,046383	8,070317	8,089254	8,107517	8,118619	8,132010	8,185126	8,316023	8,336995	8,388410	8,536359	8,557644	8,592899	8,612206	8,628871	8,710105	8,733436	8,807754	8,834109	0,000000	0,000000	0,000000	0,000000	0,000000
8,150726	0,149624	7,981667	7,993428	8,000938	8,007157	8,015059	8,054682	8,075525	8,093002	8,120911	8,151422	8,234217	8,269495	8,288003	8,326077	8,340991	8,459047	0,000000	0,000000	0,000000	0,000000	0,000000	0,000000	0,000000	0,000000	0,000000	0,000000	0,000000	0,000000
8,381668	0,317109	7,999233	8,005498	8,013493	8,072041	8,094952	8,138790	8,290964	8,416121	8,442292	8,471514	8,636438	8,712100	8,796116	8,810277	8,825189	0,000000	0,000000	0,000000	0,000000	0,000000	0,000000	0,000000	0,000000	0,000000	0,000000	0,000000	0,000000	0,000000
8,483404	0,243811	8,088643	8,109215	8,144019	8,201143	8,316555	8,325169	8,380588	8,432693	8,519192	8,570636	8,586621	8,624616	8,637247	8,665530	8,682831	8,743080	8,819612	8,853886	0,000000	0,000000	0,000000	0,000000	0,000000	0,000000	0,000000	0,000000	0,000000	0,000000
8,422160	0,238624	8,000278	8,127328	8,153581	8,414419	8,455721	8,485408	8,487455	8,514262	8,523750	8,717596	8,763967	0,000000	0,000000	0,000000	0,000000	0,000000	0,000000	0,000000	0,000000	0,000000	0,000000	0,000000	0,000000	0,000000	0,000000	0,000000	0,000000	0,000000
8,385887	0,208129	8,193491	8,223431	8,230338	8,241936	8,276589	8,300597	8,321575	8,373331	8,593073	8,735214	8,755186	0,000000	0,000000	0,000000	0,000000	0,000000	0,000000	0,000000	0,000000	0,000000	0,000000	0,000000	0,000000	0,000000	0,000000	0,000000	0,000000	0,000000
8,350747	0,271283	7,995493	8,010679	8,029296	8,059712	8,081174	8,174021	8,203595	8,208924	8,308866	8,400118	8,418497	8,434384	8,456291	8,613061	8,680623	8,715338	8,748594	8,774778	0,000000	0,000000	0,000000	0,000000	0,000000	0,000000	0,000000	0,000000	0,000000	0,000000
8,427185	0,292519	8,019479	8,047765	8,188123	8,206888	8,220556	8,276967	8,573005	8,644998	8,676374	8,722316	8,760084	8,789660	0,000000	0,000000	0,000000	0,000000	0,000000	0,000000	0,000000	0,000000	0,000000	0,000000	0,000000	0,000000	0,000000	0,000000	0,000000	0,000000
8,486131	0,310571	8,025539	8,140540	8,182796	8,188273	8,218369	8,274571	8,363325	8,648805	8,711689	8,740337	8,807059	8,820961	8,839101	8,844471	0,000000	0,000000	0,000000	0,000000	0,000000	0,000000	0,000000	0,000000	0,000000	0,000000	0,000000	0,000000	0,000000	0,000000
8,139230	0,184765	7,978268	7,988252	8,012930	8,073136	8,088411	8,097446	8,136715	8,171894	8,232630	8,612618	0,000000	0,000000	0,000000	0,000000	0,000000	0,000000	0,000000	0,000000	0,000000	0,000000	0,000000	0,000000	0,000000	0,000000	0,000000	0,000000	0,000000	0,000000
8,362203	0,303686	7,979628	7,993493	8,073278	8,087326	8,164733	8,261723	8,417987	8,506324	8,693550	8,711838	8,720967	8,735584	0,000000	0,000000	0,000000	0,000000	0,000000	0,000000	0,000000	0,000000	0,000000	0,000000	0,000000	0,000000	0,000000	0,000000	0,000000	0,000000
8,279112	0,199272	7,970994	7,982798	8,008016	8,057705	8,064263	8,093678	8,104295	8,154165	8,176293	8,184606	8,202100	8,220637	8,225633	8,295836	8,312102	8,336909	8,360869	8,379201	8,400544	8,442810	8,464655	8,486414	8,518405	8,545382	8,570189	8,698407	0,000000	0,000000
8,369387	0,286843	7,996341	8,004350	8,033497	8,043724	8,057514	8,112074	8,269314	8,281011	8,441948	8,476873	8,491365	8,594918	8,602384	8,658699	8,667417	8,715137	8,833013	0,000000	0,000000	0,000000	0,000000	0,000000	0,000000	0,000000	0,000000	0,000000	0,000000	0,000000
8,223842	0,195793	7,986310	8,000190	8,008656	8,034026	8,135055	8,249483	8,356725	8,378105	8,390332	8,418594	8,504789	0,000000	0,000000	0,000000	0,000000	0,000000	0,000000	0,000000	0,000000	0,000000	0,000000	0,000000	0,000000	0,000000	0,000000	0,000000	0,000000	0,000000
8,420263	0,358092	7,996931	8,026929	8,049718	8,072175	8,096793	8,132570	8,169159	8,387903	8,456519	8,550063	8,575898	8,596590	8,749202	8,795067	8,994323	9,074369	0,000000	0,000000	0,000000	0,000000	0,000000	0,000000	0,000000	0,000000	0,000000	0,000000	0,000000	0,000000
8,424205	0,248805	7,992623	8,043868	8,091401	8,275058	8,282073	8,365779	8,411739	8,455502	8,504464	8,529296	8,538859	8,689340	8,712396	8,721419	8,749265	0,000000	0,000000	0,000000	0,000000	0,000000	0,000000	0,000000	0,000000	0,000000	0,000000	0,000000	0,000000	0,000000
8,373421	0,307381	7,983137	8,014104	8,029536	8,121840	8,248807	8,277424	8,334658	8,596267	8,616206	8,681128	8,762215	8,815733	0,000000	0,000000	0,000000	0,000000	0,000000	0,000000	0,000000	0,000000	0,000000	0,000000	0,000000	0,000000	0,000000	0,000000	0,000000	0,000000
8,560629	0,218720	7,994426	8,219612	8,295929	8,302871	8,347716	8,508658	8,569306	8,580097	8,601567	8,609453	8,629295	8,641573	8,669873	8,681704	8,711967	8,736179	8,746324	8,767407	8,788169	8,810446	0,000000	0,000000	0,000000	0,000000	0,000000	0,000000	0,000000	0,000000
8,235218	0,293438	7,980984	7,991441	8,001613	8,005681	8,013487	8,033479	8,064626	8,070072	8,112033	8,145860	8,200261	8,224215	8,289192	8,534900	8,746565	8,768809	8,815487	0,000000	0,000000	0,000000	0,000000	0,000000	0,000000	0,000000	0,000000	0,000000	0,000000	0,000000
8,417781	0,298048	7,987463	7,993899	8,001129	8,139275	8,407887	8,462746	8,476837	8,484999	8,534469	8,639663	8,699969	8,762480	8,840337	0,000000	0,000000	0,000000	0,000000	0,000000	0,000000	0,000000	0,000000	0,000000	0,000000	0,000000	0,000000	0,000000	0,000000	0,000000
8,308573	0,261160	7,971485	7,980512	7,987010	7,993772	8,001378	8,027378	8,062686	8,086957	8,099121	8,179698	8,274093	8,297112	8,301732	8,350001	8,393604	8,408990	8,438981	8,455072	8,462947	8,521958	8,554171	8,642640	8,666217	8,770500	8,786299	0,000000	0,000000	0,000000
8,460313	0,237223	8,058350	8,203775	8,267139	8,487401	8,515609	8,546313	8,579864	8,718556	8,765807	0,000000	0,000000	0,000000	0,000000	0,000000	0,000000	0,000000	0,000000	0,000000	0,000000	0,000000	0,000000	0,000000	0,000000	0,000000	0,000000	0,000000	0,000000	0,000000
8,476612	0,250483	8,008869	8,075781	8,111635	8,174896	8,236799	8,250738	8,510394	8,532670	8,540938	8,554797	8,575370	8,582350	8,594599	8,636325	8,655337	8,708456	8,752943	8,760934	8,791800	0,000000	0,000000	0,000000	0,000000	0,000000	0,000000	0,000000	0,000000	0,000000
8,262520	0,189870	7,988933	7,998188	8,109333	8,125128	8,176312	8,202628	8,232014	8,261531	8,330998	8,437858	8,462607	8,536706	8,550525	0,000000	0,000000	0,000000	0,000000	0,000000	0,000000	0,000000	0,000000	0,000000	0,000000	0,000000	0,000000	0,000000	0,000000	0,000000
8,386219	0,206624	8,016709	8,168540	8,215799	8,271792	8,284966	8,315021	8,380743	8,394508	8,402799	8,417329	8,445940	8,623471	8,665690	8,803756	0,000000	0,000000	0,000000	0,000000	0,000000	0,000000	0,000000	0,000000	0,000000	0,000000	0,000000	0,000000	0,000000	0,000000
8,209212	0,222167	7,986856	7,995968	8,012173	8,019013	8,093860	8,123855	8,196383	8,313793	8,487772	8,513222	8,558435	0,000000	0,000000	0,000000	0,000000	0,000000	0,000000	0,000000	0,000000	0,000000	0,000000	0,000000	0,000000	0,000000	0,000000	0,000000	0,000000	0,000000
8,518889	0,302918	8,014684	8,100492	8,106993	8,254791	8,261533	8,300540	8,511845	8,575496	8,623533	8,649262	8,708777	8,753809	8,801769	8,860337	8,873329	8,905038	0,000000	0,000000	0,000000	0,000000	0,000000	0,000000	0,000000	0,000000	0,000000	0,000000	0,000000	0,000000
8,463364	0,213091	8,148521	8,209356	8,318777	8,363842	8,386434	8,401006	8,423702	8,459255	8,475848	8,489427	8,638086	8,828953	8,880525	0,000000	0,000000	0,000000	0,000000	0,000000	0,000000	0,000000	0,000000	0,000000	0,000000	0,000000	0,000000	0,000000	0,000000	0,000000
8,365432	0,303695	7,967525	7,975015	7,983292	7,993285	8,006270	8,025967	8,059736	8,176205	8,208405	8,288479	8,300125	8,341767	8,437996	8,444384	8,506215	8,574881	8,662835	8,690775	8,712313	8,730440	8,744910	8,753011	8,821112	0,000000	0,000000	0,000000	0,000000	0,000000
8,538634	0,328785	7,985127	8,224601	8,252707	8,720857	8,758947	8,776471	8,792638	8,797725	0,000000	0,000000	0,000000	0,000000	0,000000	0,000000	0,000000	0,000000	0,000000	0,000000	0,000000	0,000000	0,000000	0,000000	0,000000	0,000000	0,000000	0,000000	0,000000	0,000000
8,298846	0,270531	8,048219	8,054995	8,083171	8,089105	8,104206	8,111518	8,119490	8,262313	8,293139	8,314075	8,496426	8,622903	8,768012	8,816277	0,000000	0,000000	0,000000	0,000000	0,000000	0,000000	0,000000	0,000000	0,000000	0,000000	0,000000	0,000000	0,000000	0,000000
8,303250	0,234184	8,011999	8,018956	8,072841	8,083632	8,097059	8,157928	8,221061	8,284502	8,334330	8,368315	8,425982	8,529957	8,603412	8,659220	8,679559	0,000000	0,000000	0,000000	0,000000	0,000000	0,000000	0,000000	0,000000	0,000000	0,000000	0,000000	0,000000	0,000000
8,346612	0,319853	7,979703	8,010404	8,047634	8,054690	8,061099	8,139560	8,217361	8,231458	8,258115	8,289873	8,455556	8,597817	8,618815	8,831124	8,844880	8,907708	0,000000	0,000000	0,000000	0,000000	0,000000	0,000000	0,000000	0,000000	0,000000	0,000000	0,000000	0,000000
8,385545	0,286086	7,985114	8,010380	8,135703	8,162655	8,209898	8,268712	8,354724	8,527596	8,541983	8,547963	8,590486	8,827539	8,849338	0,000000	0,000000	0,000000	0,000000	0,000000	0,000000	0,000000	0,000000	0,000000	0,000000	0,000000	0,000000	0,000000	0,000000	0,000000
8,507575	0,334397	7,994468	8,005730	8,078967	8,232266	8,541876	8,563614	8,712472	8,759573	8,769935	8,783771	8,817088	8,831136	0,000000	0,000000	0,000000	0,000000	0,000000	0,000000	0,000000	0,000000	0,000000	0,000000	0,000000	0,000000	0,000000	0,000000	0,000000	0,000000
8,437738	0,241356	8,032259	8,249100	8,262810	8,287937	8,447001	8,624012	8,638365	8,673119	8,725044	0,000000	0,000000	0,000000	0,000000	0,000000	0,000000	0,000000	0,000000	0,000000	0,000000	0,000000	0,000000	0,000000	0,000000	0,000000	0,000000	0,000000	0,000000	0,000000
8,361144	0,234443	7,994580	8,009638	8,049483	8,247418	8,261008	8,278273	8,297719	8,351522	8,381907	8,395859	8,428562	8,452133	8,490682	8,571444	8,750066	8,818009	0,000000	0,000000	0,000000	0,000000	0,000000	0,000000	0,000000	0,000000	0,000000	0,000000	0,000000	0,000000
8,230981	0,216652	7,974724	7,995665	8,000303	8,007993	8,021082	8,077095	8,117184	8,126370	8,140256	8,193882	8,218410	8,342223	8,368301	8,391238	8,425573	8,577040	8,587704	8,592621	0,000000	0,000000	0,000000	0,000000	0,000000	0,000000	0,000000	0,000000	0,000000	0,000000
8,368425	0,193454	8,102366	8,140842	8,146723	8,178985	8,264724	8,376672	8,398278	8,507655	8,565842	8,572709	8,579290	8,587008	0,000000	0,000000	0,000000	0,000000	0,000000	0,000000	0,000000	0,000000	0,000000	0,000000	0,000000	0,000000	0,000000	0,000000	0,000000	0,000000
8,370366	0,269948	7,983731	7,997783	8,030367	8,043450	8,078707	8,120967	8,226214	8,320403	8,401481	8,475655	8,499742	8,558532	8,613319	8,626781	8,640214	8,644356	8,695697	8,709194	0,000000	0,000000	0,000000	0,000000	0,000000	0,000000	0,000000	0,000000	0,000000	0,000000
8,315199	0,350435	7,996336	8,003512	8,009988	8,018093	8,039411	8,059076	8,072533	8,090537	8,106446	8,113123	8,167887	8,257032	8,525091	8,561233	8,576373	8,590493	8,800493	8,848587	9,152532	0,000000	0,000000	0,000000	0,000000	0,000000	0,000000	0,000000	0,000000	0,000000
8,296555	0,291857	7,976865	7,990984	7,999439	8,012504	8,052514	8,109925	8,169205	8,178617	8,185957	8,270046	8,297977	8,445224	8,459225	8,478631	8,752871	8,818688	8,842757	0,000000	0,000000	0,000000	0,000000	0,000000	0,000000	0,000000	0,000000	0,000000	0,000000	0,000000
8,310188	0,323491	7,988777	8,000979	8,010274	8,031984	8,039137	8,050624	8,136421	8,180080	8,190534	8,232975	8,345219	8,646043	8,708135	8,772243	8,809165	8,820411	0,000000	0,000000	0,000000	0,000000	0,000000	0,000000	0,000000	0,000000	0,000000	0,000000	0,000000	0,000000
8,485858	0,189817	8,084812	8,305482	8,340689	8,393304	8,489206	8,523158	8,584877	8,606982	8,620237	8,656146	8,739545	0,000000	0,000000	0,000000	0,000000	0,000000	0,000000	0,000000	0,000000	0,000000	0,000000	0,000000	0,000000	0,000000	0,000000	0,000000	0,000000	0,000000
8,372024	0,290191	7,978824	7,992236	8,015688	8,151765	8,275699	8,281866	8,288822	8,395592	8,402775	8,417179	8,674873	8,714174	8,785690	8,833148	0,000000	0,000000	0,000000	0,000000	0,000000	0,000000	0,000000	0,000000	0,000000	0,000000	0,000000	0,000000	0,000000	0,000000
8,356294	0,283843	8,023114	8,029990	8,037253	8,092688	8,111528	8,119105	8,149586	8,184708	8,226492	8,443300	8,573202	8,596402	8,640057	8,652776	8,677172	8,720268	8,779366	0,000000	0,000000	0,000000	0,000000	0,000000	0,000000	0,000000	0,000000	0,000000	0,000000	0,000000
8,362877	0,314872	7,933816	8,064094	8,074577	8,088677	8,098397	8,139471	8,213758	8,228463	8,235770	8,243023	8,266429	8,276874	8,318883	8,429612	8,501658	8,682138	8,730756	8,745758	8,848055	9,137336	0,000000	0,000000	0,000000	0,000000	0,000000	0,000000	0,000000	0,000000
8,490226	0,302699	7,971368	7,990838	8,029831	8,192114	8,205666	8,398692	8,434381	8,452616	8,468798	8,627910	8,650349	8,660531	8,704655	8,730989	8,754278	8,783496	8,863477	8,904082	0,000000	0,000000	0,000000	0,000000	0,000000	0,000000	0,000000	0,000000	0,000000	0,000000
8,445563	0,326437	7,971165	7,980706	7,994011	8,021596	8,308536	8,337081	8,508390	8,529376	8,556595	8,585882	8,663041	8,682518	8,805673	8,846291	8,892582	0,000000	0,000000	0,000000	0,000000	0,000000	0,000000	0,000000	0,000000	0,000000	0,000000	0,000000	0,000000	0,000000
8,311294	0,207577	8,040313	8,054328	8,143613	8,175976	8,245263	8,258888	8,266748	8,286489	8,307141	8,357804	8,613406	8,629765	8,667085	0,000000	0,000000	0,000000	0,000000	0,000000	0,000000	0,000000	0,000000	0,000000	0,000000	0,000000	0,000000	0,000000	0,000000	0,000000
8,477290	0,343334	8,080707	8,087210	8,102914	8,512137	8,560333	8,769470	8,846031	8,859518	0,000000	0,000000	0,000000	0,000000	0,000000	0,000000	0,000000	0,000000	0,000000	0,000000	0,000000	0,000000	0,000000	0,000000	0,000000	0,000000	0,000000	0,000000	0,000000	0,000000
8,395630	0,297797	7,986281	8,086501	8,145887	8,391474	8,556881	8,570643	8,578934	8,848435	0,000000	0,000000	0,000000	0,000000	0,000000	0,000000	0,000000	0,000000	0,000000	0,000000	0,000000	0,000000	0,000000	0,000000	0,000000	0,000000	0,000000	0,000000	0,000000	0,000000
8,282304	0,249834	7,984709	7,996608	8,012371	8,037213	8,108291	8,144167	8,244971	8,429940	8,461544	8,495640	8,517194	8,534201	8,703100	0,000000	0,000000	0,000000	0,000000	0,000000	0,000000	0,000000	0,000000	0,000000	0,000000	0,000000	0,000000	0,000000	0,000000	0,000000
8,310358	0,251008	7,986541	7,997500	8,006307	8,033758	8,048816	8,129193	8,323127	8,367958	8,436873	8,452289	8,487194	8,527298	8,565395	8,639988	8,653126	0,000000	0,000000	0,000000	0,000000	0,000000	0,000000	0,000000	0,000000	0,000000	0,000000	0,000000	0,000000	0,000000
8,312643	0,282167	7,990758	8,038494	8,064900	8,071332	8,078652	8,363026	8,410992	8,438623	8,480495	8,714405	8,787390	0,000000	0,000000	0,000000	0,000000	0,000000	0,000000	0,000000	0,000000	0,000000	0,000000	0,000000	0,000000	0,000000	0,000000	0,000000	0,000000	0,000000
8,231792	0,211082	7,986510	7,993404	7,999939	8,052947	8,200424	8,263208	8,275217	8,315370	8,358560	8,478734	8,625403	0,000000	0,000000	0,000000	0,000000	0,000000	0,000000	0,000000	0,000000	0,000000	0,000000	0,000000	0,000000	0,000000	0,000000	0,000000	0,000000	0,000000
8,374350	0,301110	7,989589	8,017269	8,037869	8,044562	8,233529	8,266010	8,357494	8,476125	8,503359	8,663319	8,722327	8,746780	8,808319	0,000000	0,000000	0,000000	0,000000	0,000000	0,000000	0,000000	0,000000	0,000000	0,000000	0,000000	0,000000	0,000000	0,000000	0,000000
8,438911	0,255741	8,004975	8,069376	8,111962	8,296862	8,383479	8,446786	8,479506	8,526664	8,553156	8,606326	8,713513	8,724460	8,788776	0,000000	0,000000	0,000000	0,000000	0,000000	0,000000	0,000000	0,000000	0,000000	0,000000	0,000000	0,000000	0,000000	0,000000	0,000000
8,411070	0,263541	8,187490	8,194593	8,201290	8,209101	8,223486	8,246425	8,636255	8,652229	8,770434	8,789399	0,000000	0,000000	0,000000	0,000000	0,000000	0,000000	0,000000	0,000000	0,000000	0,000000	0,000000	0,000000	0,000000	0,000000	0,000000	0,000000	0,000000	0,000000
8,389318	0,319476	7,988834	8,069175	8,075702	8,083131	8,100438	8,153964	8,179264	8,274380	8,304761	8,316711	8,324391	8,337948	8,362823	8,484405	8,579843	8,661864	8,696684	8,742903	8,777698	9,271441	0,000000	0,000000	0,000000	0,000000	0,000000	0,000000	0,000000	0,000000
8,339160	0,248832	7,974536	8,010457	8,110488	8,144038	8,183455	8,210107	8,308362	8,443879	8,553638	8,577000	8,610715	8,635380	8,647021	0,000000	0,000000	0,000000	0,000000	0,000000	0,000000	0,000000	0,000000	0,000000	0,000000	0,000000	0,000000	0,000000	0,000000	0,000000
8,257809	0,282398	7,952721	7,975074	7,994162	8,017031	8,024562	8,032456	8,092190	8,118145	8,276746	8,373105	8,447993	8,530358	8,595636	8,694094	8,742862	0,000000	0,000000	0,000000	0,000000	0,000000	0,000000	0,000000	0,000000	0,000000	0,000000	0,000000	0,000000	0,000000
8,330695	0,252671	8,005867	8,015478	8,071790	8,085519	8,130694	8,140597	8,220279	8,262241	8,269362	8,369345	8,387821	8,412019	8,470673	8,564568	8,676970	8,734823	8,803774	0,000000	0,000000	0,000000	0,000000	0,000000	0,000000	0,000000	0,000000	0,000000	0,000000	0,000000
8,418543	0,312804	7,981380	8,003724	8,017836	8,284200	8,342733	8,398102	8,418689	8,510495	8,659257	8,689301	8,829304	8,887490	0,000000	0,000000	0,000000	0,000000	0,000000	0,000000	0,000000	0,000000	0,000000	0,000000	0,000000	0,000000	0,000000	0,000000	0,000000	0,000000
8,339998	0,289870	7,975316	7,997634	8,017022	8,106058	8,188193	8,290402	8,337610	8,468369	8,540133	8,707857	8,717546	8,733842	0,000000	0,000000	0,000000	0,000000	0,000000	0,000000	0,000000	0,000000	0,000000	0,000000	0,000000	0,000000	0,000000	0,000000	0,000000	0,000000
8,478153	0,303692	8,001602	8,027676	8,049364	8,242669	8,277951	8,493180	8,533259	8,591393	8,601285	8,686307	8,747758	8,762196	8,832890	8,846617	0,000000	0,000000	0,000000	0,000000	0,000000	0,000000	0,000000	0,000000	0,000000	0,000000	0,000000	0,000000	0,000000	0,000000
8,144531	0,170253	7,972286	7,984569	7,989967	8,001630	8,010235	8,014025	8,049465	8,056186	8,185182	8,229006	8,237325	8,262164	8,282488	8,343220	8,550222	0,000000	0,000000	0,000000	0,000000	0,000000	0,000000	0,000000	0,000000	0,000000	0,000000	0,000000	0,000000	0,000000
8,540199	0,237788	7,975210	8,444112	8,474620	8,489808	8,528937	8,609034	8,615298	8,628466	8,799781	8,836721	0,000000	0,000000	0,000000	0,000000	0,000000	0,000000	0,000000	0,000000	0,000000	0,000000	0,000000	0,000000	0,000000	0,000000	0,000000	0,000000	0,000000	0,000000
