8,347466	0,281504	7,985892	8,002167	8,032919	8,130832	8,146543	8,160713	8,184110	8,408569	8,511581	8,609479	8,618129	8,631909	8,713715	8,727972	0,000000	0,000000	0,000000	0,000000	0,000000	0,000000	0,000000	0,000000	0,000000	0,000000	0,000000	0,000000	0,000000
8,358574	0,309898	8,003589	8,009241	8,016776	8,025193	8,231801	8,274633	8,324114	8,616826	8,630355	8,646027	8,702514	8,821819	0,000000	0,000000	0,000000	0,000000	0,000000	0,000000	0,000000	0,000000	0,000000	0,000000	0,000000	0,000000	0,000000	0,000000	0,000000
8,284563	0,282993	7,977664	7,985841	7,995699	8,008654	8,063320	8,160119	8,172938	8,193186	8,279175	8,331682	8,423600	8,433855	8,699964	8,735614	8,807131	0,000000	0,000000	0,000000	0,000000	0,000000	0,000000	0,000000	0,000000	0,000000	0,000000	0,000000	0,000000
8,385073	0,265337	7,993979	8,014457	8,103167	8,227006	8,233192	8,241154	8,249821	8,268460	8,301278	8,340937	8,347372	8,462980	8,477303	8,483613	8,697102	8,808355	8,828874	8,852257	0,000000	0,000000	0,000000	0,000000	0,000000	0,000000	0,000000	0,000000	0,000000
8,432371	0,252912	8,009445	8,032611	8,127073	8,374461	8,380777	8,410909	8,432572	8,513260	8,526837	8,612582	8,662051	8,739815	8,798433	0,000000	0,000000	0,000000	0,000000	0,000000	0,000000	0,000000	0,000000	0,000000	0,000000	0,000000	0,000000	0,000000	0,000000
8,265308	0,293763	7,972285	7,987778	8,001848	8,011353	8,022657	8,030422	8,045607	8,068593	8,107766	8,421989	8,431085	8,445274	8,568154	8,677055	8,707737	8,745323	0,000000	0,000000	0,000000	0,000000	0,000000	0,000000	0,000000	0,000000	0,000000	0,000000	0,000000
8,477428	0,254985	7,978195	8,005852	8,127713	8,281134	8,288368	8,310619	8,363710	8,457247	8,467576	8,517415	8,520733	8,549674	8,562480	8,587240	8,636667	8,695301	8,719571	8,802289	8,825715	8,851052	0,000000	0,000000	0,000000	0,000000	0,000000	0,000000	0,000000
8,407605	0,261658	8,006905	8,021356	8,029065	8,037819	8,121208	8,142974	8,213410	8,232737	8,431826	8,515043	8,533142	8,549224	8,561132	8,569297	8,575093	8,615277	8,624261	8,646950	8,651452	8,692487	8,789037	0,000000	0,000000	0,000000	0,000000	0,000000	0,000000
8,352221	0,316121	7,973872	7,998402	8,006006	8,019936	8,207749	8,257175	8,308515	8,391529	8,458423	8,576183	8,730983	8,737929	8,912171	0,000000	0,000000	0,000000	0,000000	0,000000	0,000000	0,000000	0,000000	0,000000	0,000000	0,000000	0,000000	0,000000	0,000000
8,375616	0,347452	7,981396	7,999615	8,084551	8,137359	8,157353	8,198501	8,217996	8,244411	8,530720	8,708995	8,802891	8,884384	8,934841	0,000000	0,000000	0,000000	0,000000	0,000000	0,000000	0,000000	0,000000	0,000000	0,000000	0,000000	0,000000	0,000000	0,000000
8,369729	0,286572	7,984452	8,132146	8,145400	8,186537	8,358896	8,415846	8,549742	8,750845	8,803693	0,000000	0,000000	0,000000	0,000000	0,000000	0,000000	0,000000	0,000000	0,000000	0,000000	0,000000	0,000000	0,000000	0,000000	0,000000	0,000000	0,000000	0,000000
8,209770	0,311627	7,977916	7,986287	7,993707	8,007760	8,016405	8,090444	8,407422	8,647037	8,760953	0,000000	0,000000	0,000000	0,000000	0,000000	0,000000	0,000000	0,000000	0,000000	0,000000	0,000000	0,000000	0,000000	0,000000	0,000000	0,000000	0,000000	0,000000
8,329809	0,266262	7,992186	8,013269	8,042028	8,150436	8,155335	8,168709	8,232613	8,303911	8,311883	8,334637	8,411392	8,598645	8,715044	8,730492	8,786553	0,000000	0,000000	0,000000	0,000000	0,000000	0,000000	0,000000	0,000000	0,000000	0,000000	0,000000	0,000000
8,288931	0,242948	7,965605	7,980119	7,987639	8,046124	8,091474	8,141559	8,172071	8,236331	8,298191	8,365160	8,488662	8,496511	8,503935	8,593184	8,608751	8,647576	0,000000	0,000000	0,000000	0,000000	0,000000	0,000000	0,000000	0,000000	0,000000	0,000000	0,000000
8,260940	0,260465	7,974326	7,990956	8,005036	8,013492	8,022981	8,035190	8,112342	8,147149	8,164139	8,426264	8,457984	8,466007	8,482525	8,496012	8,654354	8,726285	0,000000	0,000000	0,000000	0,000000	0,000000	0,000000	0,000000	0,000000	0,000000	0,000000	0,000000
8,308930	0,311178	7,977208	8,000091	8,046449	8,062323	8,076904	8,134088	8,276925	8,465286	8,487507	8,519725	8,823046	8,837606	0,000000	0,000000	0,000000	0,000000	0,000000	0,000000	0,000000	0,000000	0,000000	0,000000	0,000000	0,000000	0,000000	0,000000	0,000000
8,309456	0,276321	7,977559	7,984440	7,999135	8,053358	8,242650	8,274545	8,329502	8,408792	8,454830	8,490215	8,695994	8,802449	0,000000	0,000000	0,000000	0,000000	0,000000	0,000000	0,000000	0,000000	0,000000	0,000000	0,000000	0,000000	0,000000	0,000000	0,000000
8,455697	0,305423	7,977133	8,007563	8,059024	8,074236	8,095799	8,124908	8,468462	8,485051	8,556474	8,611662	8,629030	8,649400	8,691695	8,702512	8,731949	8,746390	8,759891	8,831360	0,000000	0,000000	0,000000	0,000000	0,000000	0,000000	0,000000	0,000000	0,000000
8,308908	0,215090	8,021333	8,096148	8,122081	8,149299	8,254928	8,315030	8,320481	8,327810	8,351031	8,411299	8,517220	8,820240	0,000000	0,000000	0,000000	0,000000	0,000000	0,000000	0,000000	0,000000	0,000000	0,000000	0,000000	0,000000	0,000000	0,000000	0,000000
8,322281	0,258069	8,002502	8,015315	8,022119	8,029496	8,134290	8,142009	8,148096	8,156428	8,289933	8,324352	8,343920	8,374052	8,544606	8,568306	8,614611	8,628459	8,675279	8,787292	0,000000	0,000000	0,000000	0,000000	0,000000	0,000000	0,000000	0,000000	0,000000
8,295264	0,248459	7,976116	7,987361	7,993821	8,002684	8,018482	8,088071	8,106168	8,155772	8,217905	8,266323	8,302794	8,326883	8,408059	8,463999	8,504422	8,552927	8,587670	8,610398	8,625489	8,709932	0,000000	0,000000	0,000000	0,000000	0,000000	0,000000	0,000000
8,291239	0,245512	7,987312	7,999819	8,006477	8,013386	8,021376	8,039594	8,082973	8,155964	8,179477	8,190716	8,313197	8,351964	8,368152	8,396858	8,464224	8,488350	8,502426	8,510921	8,610591	8,673648	8,758584	0,000000	0,000000	0,000000	0,000000	0,000000	0,000000
8,432552	0,297052	7,995389	8,113881	8,150550	8,164293	8,241676	8,616602	8,628547	8,635709	8,677941	8,718408	8,815076	0,000000	0,000000	0,000000	0,000000	0,000000	0,000000	0,000000	0,000000	0,000000	0,000000	0,000000	0,000000	0,000000	0,000000	0,000000	0,000000
8,288908	0,334641	7,997999	8,012194	8,018314	8,059071	8,591263	8,664651	8,678861	0,000000	0,000000	0,000000	0,000000	0,000000	0,000000	0,000000	0,000000	0,000000	0,000000	0,000000	0,000000	0,000000	0,000000	0,000000	0,000000	0,000000	0,000000	0,000000	0,000000
8,402775	0,337932	8,005271	8,012210	8,019013	8,066107	8,080026	8,088738	8,130506	8,205045	8,343903	8,408978	8,436456	8,614324	8,678799	8,784904	8,807902	8,815864	8,872559	8,879338	0,000000	0,000000	0,000000	0,000000	0,000000	0,000000	0,000000	0,000000	0,000000
8,597662	0,238092	8,268460	8,595999	8,704136	8,822052	0,000000	0,000000	0,000000	0,000000	0,000000	0,000000	0,000000	0,000000	0,000000	0,000000	0,000000	0,000000	0,000000	0,000000	0,000000	0,000000	0,000000	0,000000	0,000000	0,000000	0,000000	0,000000	0,000000
8,253693	0,201193	7,983039	8,007053	8,020349	8,051372	8,071315	8,083752	8,094977	8,102881	8,135704	8,180474	8,208186	8,215911	8,258637	8,286020	8,301050	8,326793	8,334706	8,348792	8,381017	8,399237	8,429129	8,469647	8,571853	8,826739	0,000000	0,000000	0,000000
8,391974	0,291628	8,043418	8,115111	8,129117	8,184669	8,192386	8,206587	8,215689	8,394241	8,554675	8,636298	8,800860	8,807325	8,815290	0,000000	0,000000	0,000000	0,000000	0,000000	0,000000	0,000000	0,000000	0,000000	0,000000	0,000000	0,000000	0,000000	0,000000
8,524561	0,168513	8,302384	8,315206	8,322483	8,329633	8,396072	8,438973	8,469840	8,526904	8,565642	8,640077	8,662647	8,689605	8,711233	8,718124	8,779595	0,000000	0,000000	0,000000	0,000000	0,000000	0,000000	0,000000	0,000000	0,000000	0,000000	0,000000	0,000000
8,348425	0,224270	8,022199	8,116146	8,122626	8,130284	8,160422	8,298858	8,347482	8,388618	8,394927	8,430534	8,455211	8,567220	8,656010	8,787411	0,000000	0,000000	0,000000	0,000000	0,000000	0,000000	0,000000	0,000000	0,000000	0,000000	0,000000	0,000000	0,000000
8,403330	0,313807	7,972210	7,994086	8,010725	8,067393	8,129847	8,181424	8,192778	8,242308	8,363650	8,386170	8,559950	8,586751	8,655314	8,684501	8,781776	8,810065	8,812508	8,828494	0,000000	0,000000	0,000000	0,000000	0,000000	0,000000	0,000000	0,000000	0,000000
8,342598	0,275235	7,992124	8,022138	8,035735	8,049518	8,057040	8,077072	8,105596	8,150790	8,297715	8,364904	8,426283	8,475235	8,489709	8,499528	8,617881	8,634596	8,667749	8,737074	8,808670	0,000000	0,000000	0,000000	0,000000	0,000000	0,000000	0,000000	0,000000
8,540711	0,307100	8,129711	8,173729	8,190914	8,319884	8,344326	8,396681	8,744601	8,774507	8,781059	8,807534	8,887253	8,938329	0,000000	0,000000	0,000000	0,000000	0,000000	0,000000	0,000000	0,000000	0,000000	0,000000	0,000000	0,000000	0,000000	0,000000	0,000000
8,412974	0,316684	7,973029	8,014221	8,020638	8,028454	8,047898	8,203144	8,391797	8,414981	8,445708	8,481236	8,501774	8,527902	8,675531	8,784675	8,820487	8,841182	8,847910	0,000000	0,000000	0,000000	0,000000	0,000000	0,000000	0,000000	0,000000	0,000000	0,000000
8,447265	0,205442	8,041314	8,073627	8,312419	8,362905	8,427740	8,484636	8,507734	8,523149	8,530320	8,542620	8,649158	8,656550	8,702275	0,000000	0,000000	0,000000	0,000000	0,000000	0,000000	0,000000	0,000000	0,000000	0,000000	0,000000	0,000000	0,000000	0,000000
8,356677	0,184282	8,127852	8,175043	8,188840	8,236911	8,243015	8,257324	8,277845	8,283897	8,297774	8,310378	8,326487	8,432348	8,545287	8,606313	8,659728	8,737792	0,000000	0,000000	0,000000	0,000000	0,000000	0,000000	0,000000	0,000000	0,000000	0,000000	0,000000
8,256928	0,256726	7,988393	8,009529	8,092172	8,138243	8,152291	8,512736	8,568001	8,594059	0,000000	0,000000	0,000000	0,000000	0,000000	0,000000	0,000000	0,000000	0,000000	0,000000	0,000000	0,000000	0,000000	0,000000	0,000000	0,000000	0,000000	0,000000	0,000000
8,498271	0,282392	8,009737	8,023483	8,110096	8,145279	8,254394	8,297399	8,329134	8,349567	8,472131	8,494958	8,513498	8,535125	8,625208	8,710391	8,733947	8,764683	8,802528	8,808917	8,816274	8,824403	8,842532	0,000000	0,000000	0,000000	0,000000	0,000000	0,000000
8,336386	0,243848	7,994207	8,012690	8,036741	8,138457	8,160014	8,218600	8,241886	8,252141	8,290922	8,307120	8,399717	8,442801	8,465958	8,629752	8,680441	8,711954	8,735156	0,000000	0,000000	0,000000	0,000000	0,000000	0,000000	0,000000	0,000000	0,000000	0,000000
8,317044	0,278731	7,969831	7,981536	7,992505	8,003980	8,036631	8,347589	8,381138	8,402834	8,582891	8,588201	8,598203	8,606587	8,629640	0,000000	0,000000	0,000000	0,000000	0,000000	0,000000	0,000000	0,000000	0,000000	0,000000	0,000000	0,000000	0,000000	0,000000
8,310901	0,256072	7,998397	8,030207	8,034522	8,047705	8,069743	8,082803	8,247336	8,335203	8,373908	8,414512	8,523628	8,528421	8,584022	8,666833	8,726281	0,000000	0,000000	0,000000	0,000000	0,000000	0,000000	0,000000	0,000000	0,000000	0,000000	0,000000	0,000000
8,443261	0,304899	7,997978	8,028883	8,042249	8,115736	8,154194	8,208066	8,333191	8,362687	8,521090	8,586987	8,638097	8,668141	8,683476	8,710866	8,780988	8,845223	8,857589	0,000000	0,000000	0,000000	0,000000	0,000000	0,000000	0,000000	0,000000	0,000000	0,000000
8,347757	0,268855	7,972781	7,990603	8,179352	8,293283	8,307228	8,531337	8,551819	8,559470	8,743942	0,000000	0,000000	0,000000	0,000000	0,000000	0,000000	0,000000	0,000000	0,000000	0,000000	0,000000	0,000000	0,000000	0,000000	0,000000	0,000000	0,000000	0,000000
8,270208	0,239671	7,981392	7,995042	8,003380	8,012075	8,043211	8,051055	8,080372	8,094296	8,099131	8,138772	8,144797	8,151405	8,159522	8,277141	8,327617	8,334587	8,354821	8,396038	8,422857	8,491855	8,516306	8,539092	8,695283	8,703339	8,741812	0,000000	0,000000
8,315711	0,322373	7,963822	8,008082	8,021822	8,150545	8,165579	8,171299	8,211478	8,471049	8,719515	8,737382	8,852253	0,000000	0,000000	0,000000	0,000000	0,000000	0,000000	0,000000	0,000000	0,000000	0,000000	0,000000	0,000000	0,000000	0,000000	0,000000	0,000000
8,259168	0,223224	7,991935	8,059971	8,074839	8,081371	8,119087	8,141508	8,155508	8,245378	8,328425	8,386354	8,511696	8,576236	8,696875	0,000000	0,000000	0,000000	0,000000	0,000000	0,000000	0,000000	0,000000	0,000000	0,000000	0,000000	0,000000	0,000000	0,000000
8,483668	0,317046	7,976324	8,036940	8,048454	8,232093	8,249051	8,267834	8,306109	8,334079	8,377941	8,409932	8,442912	8,450599	8,486084	8,608516	8,692532	8,723332	8,747106	8,817898	8,832809	8,906829	9,209656	0,000000	0,000000	0,000000	0,000000	0,000000	0,000000
8,330441	0,251655	7,982976	7,988410	8,001441	8,041041	8,055019	8,067294	8,152754	8,172509	8,259804	8,358497	8,363660	8,395089	8,408380	8,449487	8,454343	8,477519	8,579482	8,630482	8,657552	8,692893	8,750640	0,000000	0,000000	0,000000	0,000000	0,000000	0,000000
8,340500	0,305430	7,992484	8,001701	8,032619	8,100431	8,331488	8,368634	8,416781	8,652700	8,704019	8,804138	0,000000	0,000000	0,000000	0,000000	0,000000	0,000000	0,000000	0,000000	0,000000	0,000000	0,000000	0,000000	0,000000	0,000000	0,000000	0,000000	0,000000
8,262626	0,336157	8,004923	8,012255	8,021733	8,044230	8,051001	8,058909	8,090734	8,157303	8,175610	8,197955	8,233057	8,303122	8,341751	8,524532	8,693410	9,291496	0,000000	0,000000	0,000000	0,000000	0,000000	0,000000	0,000000	0,000000	0,000000	0,000000	0,000000
8,390577	0,260136	7,994262	8,003745	8,029696	8,097410	8,106976	8,151752	8,248453	8,405397	8,428748	8,448833	8,479050	8,490787	8,526393	8,568482	8,607729	8,629122	8,684827	8,733024	8,786272	0,000000	0,000000	0,000000	0,000000	0,000000	0,000000	0,000000	0,000000
8,250851	0,179433	7,987693	8,022675	8,102016	8,165091	8,171731	8,186128	8,271079	8,336366	8,344228	8,350131	8,495602	8,577476	0,000000	0,000000	0,000000	0,000000	0,000000	0,000000	0,000000	0,000000	0,000000	0,000000	0,000000	0,000000	0,000000	0,000000	0,000000
8,263060	0,271352	7,993313	8,006998	8,015272	8,036291	8,065847	8,111403	8,127770	8,140033	8,170797	8,180938	8,255671	8,268081	8,370197	8,408215	8,746054	8,776640	8,798497	0,000000	0,000000	0,000000	0,000000	0,000000	0,000000	0,000000	0,000000	0,000000	0,000000
8,459676	0,273027	7,976030	7,988955	7,995729	8,268253	8,289029	8,322238	8,329724	8,336321	8,344524	8,379424	8,455781	8,575438	8,593240	8,614840	8,625211	8,633581	8,662673	8,716787	8,772415	8,861906	8,911107	0,000000	0,000000	0,000000	0,000000	0,000000	0,000000
8,363957	0,218683	7,997810	8,010669	8,024528	8,234889	8,324403	8,329750	8,340998	8,354660	8,367931	8,381888	8,401251	8,521842	8,587345	8,612161	8,635817	8,697372	0,000000	0,000000	0,000000	0,000000	0,000000	0,000000	0,000000	0,000000	0,000000	0,000000	0,000000
8,323112	0,253744	7,987906	8,008203	8,052398	8,080834	8,115177	8,275757	8,289320	8,345006	8,367034	8,442395	8,526943	8,594302	8,692073	8,746221	0,000000	0,000000	0,000000	0,000000	0,000000	0,000000	0,000000	0,000000	0,000000	0,000000	0,000000	0,000000	0,000000
8,307158	0,295502	7,982624	8,003691	8,020725	8,035455	8,077126	8,110158	8,158206	8,285257	8,332397	8,553671	8,591549	8,630405	8,683488	8,835467	0,000000	0,000000	0,000000	0,000000	0,000000	0,000000	0,000000	0,000000	0,000000	0,000000	0,000000	0,000000	0,000000
8,348514	0,311167	7,989140	7,999057	8,011898	8,019528	8,162482	8,188896	8,223976	8,241782	8,542391	8,561985	8,652922	8,678562	8,787076	8,819506	0,000000	0,000000	0,000000	0,000000	0,000000	0,000000	0,000000	0,000000	0,000000	0,000000	0,000000	0,000000	0,000000
8,384980	0,285739	8,005440	8,013432	8,027248	8,062557	8,100726	8,114823	8,138338	8,289294	8,338854	8,434304	8,479076	8,500648	8,506777	8,632558	8,646665	8,683898	8,739325	8,784666	8,815997	0,000000	0,000000	0,000000	0,000000	0,000000	0,000000	0,000000	0,000000
8,290818	0,260689	7,966514	7,983724	7,996651	8,013526	8,038239	8,068781	8,122150	8,219870	8,335650	8,353618	8,383391	8,404628	8,513273	8,541644	8,606586	8,638895	8,756771	0,000000	0,000000	0,000000	0,000000	0,000000	0,000000	0,000000	0,000000	0,000000	0,000000
8,339444	0,309996	8,023448	8,037444	8,045955	8,091987	8,145008	8,174201	8,196513	8,270281	8,477747	8,524983	8,727007	8,824921	8,873274	0,000000	0,000000	0,000000	0,000000	0,000000	0,000000	0,000000	0,000000	0,000000	0,000000	0,000000	0,000000	0,000000	0,000000
8,322776	0,167760	8,167611	8,195954	8,239384	8,246012	8,253627	8,300183	8,345982	8,444118	8,712115	0,000000	0,000000	0,000000	0,000000	0,000000	0,000000	0,000000	0,000000	0,000000	0,000000	0,000000	0,000000	0,000000	0,000000	0,000000	0,000000	0,000000	0,000000
8,324873	0,264808	7,995292	8,009033	8,017287	8,129793	8,141311	8,160981	8,167912	8,199875	8,374732	8,462119	8,569297	8,608691	8,640960	8,693784	8,702023	0,000000	0,000000	0,000000	0,000000	0,000000	0,000000	0,000000	0,000000	0,000000	0,000000	0,000000	0,000000
8,260993	0,316709	7,993989	8,007824	8,016040	8,038259	8,053986	8,065183	8,085813	8,147619	8,567827	8,630814	8,754396	8,770165	0,000000	0,000000	0,000000	0,000000	0,000000	0,000000	0,000000	0,000000	0,000000	0,000000	0,000000	0,000000	0,000000	0,000000	0,000000
8,443497	0,303664	7,974573	7,987218	8,001087	8,403461	8,418382	8,444734	8,453397	8,474723	8,543696	8,573615	8,787885	8,827119	8,875568	0,000000	0,000000	0,000000	0,000000	0,000000	0,000000	0,000000	0,000000	0,000000	0,000000	0,000000	0,000000	0,000000	0,000000
8,384752	0,269502	7,998527	8,012860	8,140554	8,413068	8,444524	8,527413	8,561147	8,660103	8,704574	0,000000	0,000000	0,000000	0,000000	0,000000	0,000000	0,000000	0,000000	0,000000	0,000000	0,000000	0,000000	0,000000	0,000000	0,000000	0,000000	0,000000	0,000000
8,262440	0,153358	7,988292	8,084088	8,185655	8,204198	8,217038	8,270225	8,277031	8,328687	8,386116	8,407781	8,537735	0,000000	0,000000	0,000000	0,000000	0,000000	0,000000	0,000000	0,000000	0,000000	0,000000	0,000000	0,000000	0,000000	0,000000	0,000000	0,000000
8,487305	0,298194	7,982382	8,002791	8,023043	8,402541	8,448383	8,466179	8,531815	8,584499	8,596843	8,623988	8,647183	8,775830	8,858597	8,878192	0,000000	0,000000	0,000000	0,000000	0,000000	0,000000	0,000000	0,000000	0,000000	0,000000	0,000000	0,000000	0,000000
8,344833	0,298955	7,982366	7,999798	8,027363	8,041079	8,274151	8,339446	8,440189	8,609650	8,656328	8,700424	8,722375	0,000000	0,000000	0,000000	0,000000	0,000000	0,000000	0,000000	0,000000	0,000000	0,000000	0,000000	0,000000	0,000000	0,000000	0,000000	0,000000
8,440789	0,288728	7,976037	8,051775	8,196713	8,218894	8,258913	8,322274	8,528430	8,553321	8,567515	8,638903	8,774716	8,810453	8,832314	0,000000	0,000000	0,000000	0,000000	0,000000	0,000000	0,000000	0,000000	0,000000	0,000000	0,000000	0,000000	0,000000	0,000000
8,486239	0,284979	8,019370	8,032899	8,041336	8,052365	8,443083	8,456009	8,473812	8,487774	8,496362	8,557256	8,666547	8,710414	8,724439	8,733942	8,742650	8,801017	8,826784	0,000000	0,000000	0,000000	0,000000	0,000000	0,000000	0,000000	0,000000	0,000000	0,000000
8,264247	0,243532	7,994315	8,004045	8,023428	8,040636	8,054740	8,089540	8,120450	8,269698	8,331150	8,343282	8,363899	8,396938	8,568311	8,620471	8,742800	0,000000	0,000000	0,000000	0,000000	0,000000	0,000000	0,000000	0,000000	0,000000	0,000000	0,000000	0,000000
8,437394	0,295842	7,987182	8,007516	8,023294	8,147215	8,217910	8,249111	8,279897	8,345425	8,361109	8,409251	8,597725	8,694943	8,704081	8,717228	8,748043	8,773011	8,794459	8,815695	0,000000	0,000000	0,000000	0,000000	0,000000	0,000000	0,000000	0,000000	0,000000
8,289203	0,232457	7,993116	8,021439	8,078523	8,118781	8,297776	8,314363	8,353194	8,366424	8,382663	8,455420	8,799537	0,000000	0,000000	0,000000	0,000000	0,000000	0,000000	0,000000	0,000000	0,000000	0,000000	0,000000	0,000000	0,000000	0,000000	0,000000	0,000000
8,279125	0,231783	7,973150	7,992097	8,005788	8,193193	8,221456	8,236117	8,242596	8,250101	8,307414	8,327316	8,346075	8,377701	8,591867	8,842878	0,000000	0,000000	0,000000	0,000000	0,000000	0,000000	0,000000	0,000000	0,000000	0,000000	0,000000	0,000000	0,000000
8,346400	0,272943	7,987039	8,008823	8,016004	8,055520	8,103720	8,135501	8,163361	8,187782	8,202984	8,227633	8,236809	8,278986	8,366424	8,375909	8,442399	8,467744	8,631951	8,704703	8,727485	8,730763	8,751887	8,817371	0,000000	0,000000	0,000000	0,000000	0,000000
8,285632	0,208189	8,037234	8,042839	8,058670	8,131591	8,155753	8,184650	8,249150	8,255559	8,263496	8,412698	8,440711	8,510535	8,548636	8,707326	0,000000	0,000000	0,000000	0,000000	0,000000	0,000000	0,000000	0,000000	0,000000	0,000000	0,000000	0,000000	0,000000
8,523448	0,301228	8,054645	8,319140	8,530915	8,573304	8,827185	8,835502	0,000000	0,000000	0,000000	0,000000	0,000000	0,000000	0,000000	0,000000	0,000000	0,000000	0,000000	0,000000	0,000000	0,000000	0,000000	0,000000	0,000000	0,000000	0,000000	0,000000	0,000000
8,486150	0,234498	8,205498	8,219173	8,227417	8,334719	8,420672	8,515958	8,703476	8,710722	8,757740	8,766128	0,000000	0,000000	0,000000	0,000000	0,000000	0,000000	0,000000	0,000000	0,000000	0,000000	0,000000	0,000000	0,000000	0,000000	0,000000	0,000000	0,000000
8,375120	0,339162	7,984144	8,009694	8,036494	8,050296	8,213832	8,310879	8,524204	8,651166	8,669903	8,834383	8,841322	0,000000	0,000000	0,000000	0,000000	0,000000	0,000000	0,000000	0,000000	0,000000	0,000000	0,000000	0,000000	0,000000	0,000000	0,000000	0,000000
8,366594	0,295484	7,982734	8,012724	8,154016	8,242522	8,358159	8,475152	8,574837	8,658152	8,841047	0,000000	0,000000	0,000000	0,000000	0,000000	0,000000	0,000000	0,000000	0,000000	0,000000	0,000000	0,000000	0,000000	0,000000	0,000000	0,000000	0,000000	0,000000
8,211558	0,236624	7,978993	7,997674	8,011443	8,017011	8,024435	8,060513	8,177935	8,308454	8,385838	8,400795	8,486517	8,689090	0,000000	0,000000	0,000000	0,000000	0,000000	0,000000	0,000000	0,000000	0,000000	0,000000	0,000000	0,000000	0,000000	0,000000	0,000000
8,325435	0,266271	7,984150	7,996509	8,006249	8,021758	8,032873	8,129005	8,254980	8,344896	8,405810	8,458707	8,479990	8,506005	8,519574	8,668863	8,692731	8,704855	0,000000	0,000000	0,000000	0,000000	0,000000	0,000000	0,000000	0,000000	0,000000	0,000000	0,000000
8,374961	0,276605	7,994433	8,054285	8,085144	8,109423	8,160121	8,173851	8,360147	8,429076	8,495002	8,537280	8,665151	8,687898	8,736473	8,761168	0,000000	0,000000	0,000000	0,000000	0,000000	0,000000	0,000000	0,000000	0,000000	0,000000	0,000000	0,000000	0,000000
8,374520	0,283444	8,016757	8,041227	8,048743	8,165297	8,178924	8,187062	8,244023	8,334948	8,378120	8,491902	8,555304	8,586850	8,685601	8,837550	8,865499	0,000000	0,000000	0,000000	0,000000	0,000000	0,000000	0,000000	0,000000	0,000000	0,000000	0,000000	0,000000
8,424667	0,232956	7,995198	8,034541	8,113615	8,152310	8,255654	8,275355	8,326257	8,367322	8,373485	8,386821	8,419620	8,428407	8,434766	8,473533	8,485761	8,563336	8,582746	8,610606	8,674637	8,758515	8,802530	8,827661	0,000000	0,000000	0,000000	0,000000	0,000000
8,476874	0,169240	8,242166	8,271574	8,393240	8,483251	8,498204	8,546651	8,682987	8,696917	0,000000	0,000000	0,000000	0,000000	0,000000	0,000000	0,000000	0,000000	0,000000	0,000000	0,000000	0,000000	0,000000	0,000000	0,000000	0,000000	0,000000	0,000000	0,000000
8,395806	0,277134	8,012394	8,051107	8,105596	8,179284	8,260624	8,291810	8,470994	8,577938	8,621824	8,701608	8,717497	8,758999	0,000000	0,000000	0,000000	0,000000	0,000000	0,000000	0,000000	0,000000	0,000000	0,000000	0,000000	0,000000	0,000000	0,000000	0,000000
8,242037	0,279072	7,963671	7,980148	7,995336	8,003174	8,009715	8,017780	8,033279	8,065371	8,080090	8,113534	8,146476	8,315444	8,329777	8,387406	8,465259	8,502898	8,571514	8,766487	8,851339	0,000000	0,000000	0,000000	0,000000	0,000000	0,000000	0,000000	0,000000
8,476627	0,235257	8,116941	8,282323	8,300302	8,351104	8,384299	8,425690	8,631046	8,699826	8,731530	8,843207	0,000000	0,000000	0,000000	0,000000	0,000000	0,000000	0,000000	0,000000	0,000000	0,000000	0,000000	0,000000	0,000000	0,000000	0,000000	0,000000	0,000000
8,390538	0,204875	7,977271	8,210844	8,239237	8,355601	8,369278	8,422725	8,562694	8,570607	8,583123	8,613996	0,000000	0,000000	0,000000	0,000000	0,000000	0,000000	0,000000	0,000000	0,000000	0,000000	0,000000	0,000000	0,000000	0,000000	0,000000	0,000000	0,000000
8,275522	0,281206	7,976427	7,990450	7,997866	8,024019	8,051319	8,065134	8,118524	8,147055	8,253694	8,267574	8,276817	8,316823	8,369317	8,537924	8,645246	8,785709	8,859983	0,000000	0,000000	0,000000	0,000000	0,000000	0,000000	0,000000	0,000000	0,000000	0,000000
8,307328	0,273049	7,998073	8,003188	8,011450	8,070726	8,135439	8,149486	8,157616	8,176332	8,235099	8,253282	8,486433	8,522556	8,545308	8,641882	8,669624	8,860751	0,000000	0,000000	0,000000	0,000000	0,000000	0,000000	0,000000	0,000000	0,000000	0,000000	0,000000
8,483037	0,288548	7,987406	8,079042	8,219697	8,401678	8,417388	8,500471	8,667247	8,726478	8,752532	8,773970	8,787491	0,000000	0,000000	0,000000	0,000000	0,000000	0,000000	0,000000	0,000000	0,000000	0,000000	0,000000	0,000000	0,000000	0,000000	0,000000	0,000000
8,436479	0,322275	7,984050	8,005001	8,011042	8,024976	8,345888	8,398952	8,406518	8,457749	8,485522	8,567628	8,582055	8,682776	8,713776	8,853403	9,027847	0,000000	0,000000	0,000000	0,000000	0,000000	0,000000	0,000000	0,000000	0,000000	0,000000	0,000000	0,000000
8,301959	0,239943	7,978932	7,992325	8,021197	8,053174	8,067859	8,291862	8,305136	8,347698	8,375398	8,462427	8,538736	8,580211	8,587542	8,624925	0,000000	0,000000	0,000000	0,000000	0,000000	0,000000	0,000000	0,000000	0,000000	0,000000	0,000000	0,000000	0,000000
8,286074	0,267702	7,979424	7,992272	8,000565	8,008054	8,013931	8,041642	8,053361	8,066988	8,137031	8,218139	8,308023	8,377486	8,386350	8,435098	8,461903	8,497420	8,642825	8,677941	8,702572	8,720452	0,000000	0,000000	0,000000	0,000000	0,000000	0,000000	0,000000
8,400383	0,285494	7,996887	8,052724	8,087138	8,113332	8,119895	8,133203	8,411076	8,433904	8,453900	8,473931	8,488841	8,607837	8,655517	8,675008	8,835509	8,867425	0,000000	0,000000	0,000000	0,000000	0,000000	0,000000	0,000000	0,000000	0,000000	0,000000	0,000000
8,341303	0,275289	7,992972	7,999460	8,004599	8,054123	8,116278	8,163005	8,198606	8,388921	8,455566	8,544736	8,565721	8,613997	8,627924	8,634415	8,759216	0,000000	0,000000	0,000000	0,000000	0,000000	0,000000	0,000000	0,000000	0,000000	0,000000	0,000000	0,000000
8,497857	0,212695	8,225789	8,291364	8,371601	8,398714	8,491521	8,671309	8,763484	8,769075	0,000000	0,000000	0,000000	0,000000	0,000000	0,000000	0,000000	0,000000	0,000000	0,000000	0,000000	0,000000	0,000000	0,000000	0,000000	0,000000	0,000000	0,000000	0,000000
8,399528	0,262153	8,022077	8,064628	8,105428	8,119451	8,182399	8,229812	8,271044	8,309034	8,392036	8,478135	8,522439	8,551909	8,562805	8,624805	8,705931	8,798272	8,851770	0,000000	0,000000	0,000000	0,000000	0,000000	0,000000	0,000000	0,000000	0,000000	0,000000
8,305997	0,234714	7,989622	7,999249	8,020949	8,069698	8,084837	8,091518	8,193396	8,322056	8,336531	8,415733	8,428883	8,442558	8,453008	8,465244	8,485216	8,661084	8,742373	0,000000	0,000000	0,000000	0,000000	0,000000	0,000000	0,000000	0,000000	0,000000	0,000000
8,419275	0,326295	7,971135	8,001291	8,013893	8,040781	8,059259	8,071716	8,079194	8,101123	8,137216	8,166842	8,215494	8,338575	8,367950	8,400881	8,478487	8,549514	8,555590	8,576782	8,658571	8,672912	8,770998	8,812342	8,818175	8,825987	8,839906	8,888800	8,907020
8,106362	0,197770	7,973395	7,982483	7,991433	8,004107	8,018150	8,036188	8,048347	8,421637	8,481520	0,000000	0,000000	0,000000	0,000000	0,000000	0,000000	0,000000	0,000000	0,000000	0,000000	0,000000	0,000000	0,000000	0,000000	0,000000	0,000000	0,000000	0,000000
8,319524	0,234916	7,981740	7,988770	8,000345	8,032513	8,046845	8,194275	8,228118	8,309957	8,323803	8,335111	8,353711	8,406755	8,428476	8,445434	8,456681	8,533581	8,572417	8,656921	8,775508	0,000000	0,000000	0,000000	0,000000	0,000000	0,000000	0,000000	0,000000
8,480251	0,329375	7,973012	8,017849	8,056146	8,072196	8,410575	8,431353	8,447301	8,465580	8,523330	8,577247	8,774714	8,806287	8,845350	8,885998	8,916834	0,000000	0,000000	0,000000	0,000000	0,000000	0,000000	0,000000	0,000000	0,000000	0,000000	0,000000	0,000000
8,232919	0,182561	8,000733	8,016692	8,022757	8,030478	8,074649	8,080931	8,089068	8,115160	8,128997	8,141589	8,156852	8,199919	8,223208	8,262502	8,276543	8,283423	8,336094	8,403975	8,416715	8,430239	8,500126	8,539744	8,626752	0,000000	0,000000	0,000000	0,000000
8,446959	0,169611	8,236877	8,268484	8,275077	8,283330	8,335583	8,391081	8,482953	8,544298	8,568206	8,586649	8,688327	8,702641	0,000000	0,000000	0,000000	0,000000	0,000000	0,000000	0,000000	0,000000	0,000000	0,000000	0,000000	0,000000	0,000000	0,000000	0,000000
8,234538	0,225761	7,971295	7,979118	7,985545	7,993594	8,017629	8,032905	8,065473	8,083035	8,141624	8,146181	8,162007	8,189295	8,227787	8,281854	8,316142	8,380189	8,403878	8,432459	8,452834	8,546278	8,572233	8,778483	0,000000	0,000000	0,000000	0,000000	0,000000
8,241423	0,250982	7,974903	7,984913	8,019949	8,036777	8,087357	8,098185	8,270316	8,345120	8,357251	8,417993	8,535307	8,769011	0,000000	0,000000	0,000000	0,000000	0,000000	0,000000	0,000000	0,000000	0,000000	0,000000	0,000000	0,000000	0,000000	0,000000	0,000000
8,473095	0,274947	8,025207	8,243203	8,315149	8,666539	8,675337	8,688923	8,697306	0,000000	0,000000	0,000000	0,000000	0,000000	0,000000	0,000000	0,000000	0,000000	0,000000	0,000000	0,000000	0,000000	0,000000	0,000000	0,000000	0,000000	0,000000	0,000000	0,000000
8,200099	0,183357	7,987187	8,000844	8,012246	8,023433	8,118890	8,169457	8,187490	8,234194	8,334133	8,354949	8,476108	8,502263	0,000000	0,000000	0,000000	0,000000	0,000000	0,000000	0,000000	0,000000	0,000000	0,000000	0,000000	0,000000	0,000000	0,000000	0,000000
8,382531	0,179510	7,994504	8,038297	8,266824	8,281237	8,288191	8,303412	8,317111	8,344790	8,386764	8,395467	8,411132	8,424346	8,511039	8,517216	8,549289	8,587203	8,622442	8,646288	0,000000	0,000000	0,000000	0,000000	0,000000	0,000000	0,000000	0,000000	0,000000
8,350104	0,286448	7,976902	7,984252	7,990273	7,998575	8,054381	8,148150	8,194904	8,384538	8,529084	8,562438	8,578206	8,615502	8,622203	8,643289	8,652789	8,666174	0,000000	0,000000	0,000000	0,000000	0,000000	0,000000	0,000000	0,000000	0,000000	0,000000	0,000000
8,386127	0,255542	8,007435	8,044303	8,094606	8,107778	8,115108	8,193907	8,200381	8,208422	8,242959	8,257055	8,378818	8,387112	8,393342	8,401817	8,415752	8,442831	8,464907	8,493664	8,582605	8,604813	8,620806	8,850986	8,866739	8,890895	0,000000	0,000000	0,000000
8,301008	0,280126	7,983536	7,997306	8,005372	8,160662	8,169504	8,182696	8,201509	8,229989	8,363309	8,462212	8,553342	8,794660	8,809003	0,000000	0,000000	0,000000	0,000000	0,000000	0,000000	0,000000	0,000000	0,000000	0,000000	0,000000	0,000000	0,000000	0,000000
8,506975	0,286124	8,077613	8,091616	8,244459	8,258243	8,345331	8,366577	8,393295	8,588580	8,646802	8,742122	8,806944	8,817502	8,830215	8,888352	0,000000	0,000000	0,000000	0,000000	0,000000	0,000000	0,000000	0,000000	0,000000	0,000000	0,000000	0,000000	0,000000
8,360129	0,285256	7,997311	8,003511	8,011322	8,019804	8,126195	8,193946	8,222537	8,299755	8,342138	8,393800	8,437027	8,466746	8,574938	8,733530	8,747656	8,762573	8,789397	0,000000	0,000000	0,000000	0,000000	0,000000	0,000000	0,000000	0,000000	0,000000	0,000000
8,203660	0,164377	7,991124	8,014562	8,212773	8,218984	8,227018	8,286437	8,474722	0,000000	0,000000	0,000000	0,000000	0,000000	0,000000	0,000000	0,000000	0,000000	0,000000	0,000000	0,000000	0,000000	0,000000	0,000000	0,000000	0,000000	0,000000	0,000000	0,000000
8,253801	0,299173	7,986525	8,000917	8,030672	8,042150	8,153312	8,168464	8,202284	8,425858	8,711489	8,816344	0,000000	0,000000	0,000000	0,000000	0,000000	0,000000	0,000000	0,000000	0,000000	0,000000	0,000000	0,000000	0,000000	0,000000	0,000000	0,000000	0,000000
8,251503	0,235954	7,974557	8,008324	8,022691	8,053839	8,066909	8,076575	8,130657	8,270539	8,339393	8,363354	8,425994	8,519589	8,609489	8,659130	0,000000	0,000000	0,000000	0,000000	0,000000	0,000000	0,000000	0,000000	0,000000	0,000000	0,000000	0,000000	0,000000
8,562387	0,215290	8,190906	8,281487	8,330900	8,516039	8,567417	8,598150	8,617887	8,677873	8,782061	8,795985	8,827553	0,000000	0,000000	0,000000	0,000000	0,000000	0,000000	0,000000	0,000000	0,000000	0,000000	0,000000	0,000000	0,000000	0,000000	0,000000	0,000000
8,366666	0,235879	8,004396	8,090209	8,135384	8,150437	8,182301	8,314018	8,387114	8,434503	8,541838	8,571491	8,621332	8,654723	8,678919	0,000000	0,000000	0,000000	0,000000	0,000000	0,000000	0,000000	0,000000	0,000000	0,000000	0,000000	0,000000	0,000000	0,000000
8,419565	0,222405	8,024704	8,175236	8,189576	8,198034	8,251193	8,306332	8,419289	8,427916	8,442270	8,527435	8,577654	8,630987	8,676905	8,695597	8,750341	0,000000	0,000000	0,000000	0,000000	0,000000	0,000000	0,000000	0,000000	0,000000	0,000000	0,000000	0,000000
8,297500	0,301447	7,981500	8,004035	8,011008	8,038643	8,089908	8,165659	8,171530	8,189275	8,444220	8,639661	8,653580	8,662878	8,815602	0,000000	0,000000	0,000000	0,000000	0,000000	0,000000	0,000000	0,000000	0,000000	0,000000	0,000000	0,000000	0,000000	0,000000
8,427056	0,310274	8,006969	8,020093	8,146383	8,334153	8,368765	8,476750	8,534009	8,704686	8,803841	8,874917	0,000000	0,000000	0,000000	0,000000	0,000000	0,000000	0,000000	0,000000	0,000000	0,000000	0,000000	0,000000	0,000000	0,000000	0,000000	0,000000	0,000000
8,351383	0,299745	7,970274	7,991545	7,999322	8,013002	8,023702	8,125237	8,149228	8,311094	8,351844	8,430945	8,503029	8,546439	8,662616	8,695588	8,703786	8,716531	8,779322	0,000000	0,000000	0,000000	0,000000	0,000000	0,000000	0,000000	0,000000	0,000000	0,000000
8,364515	0,256515	8,020523	8,034588	8,042381	8,048838	8,089076	8,146351	8,401536	8,409814	8,416337	8,425801	8,447919	8,492376	8,501981	8,557779	8,582417	8,772550	8,806491	0,000000	0,000000	0,000000	0,000000	0,000000	0,000000	0,000000	0,000000	0,000000	0,000000
8,265463	0,218412	7,981187	8,021054	8,057792	8,084051	8,091596	8,098181	8,105869	8,118072	8,294537	8,319959	8,327618	8,353765	8,387637	8,451998	8,499345	8,589789	8,730420	0,000000	0,000000	0,000000	0,000000	0,000000	0,000000	0,000000	0,000000	0,000000	0,000000
8,286861	0,268536	7,990296	8,009374	8,091439	8,111463	8,361423	8,516845	8,546140	8,667910	0,000000	0,000000	0,000000	0,000000	0,000000	0,000000	0,000000	0,000000	0,000000	0,000000	0,000000	0,000000	0,000000	0,000000	0,000000	0,000000	0,000000	0,000000	0,000000
8,366086	0,317550	7,970606	7,993639	8,009664	8,034258	8,078654	8,091977	8,105941	8,134026	8,192504	8,219320	8,359292	8,432221	8,454357	8,701953	8,711660	8,725079	8,733199	8,749441	8,808128	8,815807	0,000000	0,000000	0,000000	0,000000	0,000000	0,000000	0,000000
8,450242	0,185867	8,143807	8,229478	8,265978	8,307996	8,359205	8,373316	8,388784	8,413555	8,429626	8,436352	8,457308	8,588997	8,595686	8,646144	8,779344	8,788300	0,000000	0,000000	0,000000	0,000000	0,000000	0,000000	0,000000	0,000000	0,000000	0,000000	0,000000
8,278597	0,177105	8,069304	8,093516	8,169256	8,262339	8,380878	8,476850	8,498035	0,000000	0,000000	0,000000	0,000000	0,000000	0,000000	0,000000	0,000000	0,000000	0,000000	0,000000	0,000000	0,000000	0,000000	0,000000	0,000000	0,000000	0,000000	0,000000	0,000000
8,375026	0,275664	7,998737	8,053853	8,089128	8,104600	8,142108	8,291948	8,302994	8,429785	8,435838	8,498703	8,678445	8,706129	8,718479	8,799618	0,000000	0,000000	0,000000	0,000000	0,000000	0,000000	0,000000	0,000000	0,000000	0,000000	0,000000	0,000000	0,000000
8,299345	0,234506	7,980656	7,990172	8,003451	8,011560	8,046983	8,124812	8,246130	8,275146	8,282973	8,289193	8,297951	8,311094	8,331921	8,469007	8,504837	8,536222	8,626982	8,671627	8,686834	0,000000	0,000000	0,000000	0,000000	0,000000	0,000000	0,000000	0,000000
8,381121	0,302531	8,006914	8,020468	8,028628	8,036502	8,051083	8,082189	8,096425	8,119776	8,268386	8,297958	8,423484	8,430396	8,463990	8,524112	8,625394	8,676740	8,697910	8,732599	8,759105	8,815692	8,845787	0,000000	0,000000	0,000000	0,000000	0,000000	0,000000
8,333630	0,265238	8,010943	8,025916	8,033342	8,264451	8,341446	8,522200	8,540619	8,552274	8,711476	0,000000	0,000000	0,000000	0,000000	0,000000	0,000000	0,000000	0,000000	0,000000	0,000000	0,000000	0,000000	0,000000	0,000000	0,000000	0,000000	0,000000	0,000000
8,422605	0,270563	7,988803	8,000883	8,043310	8,121345	8,143855	8,156944	8,195518	8,311610	8,425982	8,536022	8,574836	8,582575	8,599874	8,607079	8,619128	8,677847	8,694088	8,702363	8,731488	8,738546	0,000000	0,000000	0,000000	0,000000	0,000000	0,000000	0,000000
8,558157	0,324643	8,062674	8,112453	8,182231	8,486833	8,635273	8,766829	8,780812	8,833829	8,847824	8,872807	0,000000	0,000000	0,000000	0,000000	0,000000	0,000000	0,000000	0,000000	0,000000	0,000000	0,000000	0,000000	0,000000	0,000000	0,000000	0,000000	0,000000
8,351364	0,308474	7,993986	8,008810	8,088245	8,093627	8,101625	8,109365	8,157071	8,190925	8,229876	8,445525	8,452326	8,640283	8,664255	8,788837	8,817519	8,839542	0,000000	0,000000	0,000000	0,000000	0,000000	0,000000	0,000000	0,000000	0,000000	0,000000	0,000000
8,289767	0,243275	7,998097	8,012806	8,127043	8,133285	8,141029	8,175050	8,187230	8,198584	8,255070	8,353744	8,434006	8,595717	8,658374	8,786697	0,000000	0,000000	0,000000	0,000000	0,000000	0,000000	0,000000	0,000000	0,000000	0,000000	0,000000	0,000000	0,000000
8,296537	0,269132	7,980441	8,012127	8,057541	8,088772	8,141607	8,194627	8,241485	8,369851	8,462116	8,595892	8,609804	8,804182	0,000000	0,000000	0,000000	0,000000	0,000000	0,000000	0,000000	0,000000	0,000000	0,000000	0,000000	0,000000	0,000000	0,000000	0,000000
8,367753	0,246751	7,990133	8,035499	8,049692	8,067225	8,120238	8,129294	8,153605	8,281677	8,299956	8,338997	8,345239	8,381961	8,420426	8,439415	8,466235	8,528619	8,553587	8,602093	8,613907	8,690022	8,778604	8,804137	0,000000	0,000000	0,000000	0,000000	0,000000
8,365597	0,132787	8,214848	8,245907	8,276937	8,362308	8,425943	8,440409	8,592828	0,000000	0,000000	0,000000	0,000000	0,000000	0,000000	0,000000	0,000000	0,000000	0,000000	0,000000	0,000000	0,000000	0,000000	0,000000	0,000000	0,000000	0,000000	0,000000	0,000000
8,246923	0,286031	7,976837	7,990522	8,010147	8,024556	8,038839	8,045987	8,115253	8,155716	8,192589	8,243504	8,297186	8,366110	8,666458	8,734686	8,845460	0,000000	0,000000	0,000000	0,000000	0,000000	0,000000	0,000000	0,000000	0,000000	0,000000	0,000000	0,000000
8,546476	0,254083	7,988002	8,161840	8,368452	8,537009	8,589693	8,614995	8,627463	8,639018	8,653442	8,763235	8,772872	8,841692	0,000000	0,000000	0,000000	0,000000	0,000000	0,000000	0,000000	0,000000	0,000000	0,000000	0,000000	0,000000	0,000000	0,000000	0,000000
8,274382	0,313155	7,972607	7,991407	7,999856	8,006228	8,012307	8,056827	8,081395	8,088917	8,095108	8,102628	8,114173	8,292994	8,595208	8,609799	8,641389	8,653030	8,793087	8,831920	0,000000	0,000000	0,000000	0,000000	0,000000	0,000000	0,000000	0,000000	0,000000
8,381465	0,217467	7,981778	8,141544	8,188632	8,203471	8,210098	8,266623	8,290397	8,318639	8,347535	8,366816	8,392225	8,400230	8,472607	8,501779	8,521095	8,733274	8,740412	8,789223	0,000000	0,000000	0,000000	0,000000	0,000000	0,000000	0,000000	0,000000	0,000000
8,470541	0,291702	8,034003	8,068845	8,192181	8,382697	8,491654	8,574189	8,615883	8,733155	8,776384	8,836420	0,000000	0,000000	0,000000	0,000000	0,000000	0,000000	0,000000	0,000000	0,000000	0,000000	0,000000	0,000000	0,000000	0,000000	0,000000	0,000000	0,000000
8,304780	0,279034	7,978147	7,996473	8,235057	8,442318	8,549854	8,626834	0,000000	0,000000	0,000000	0,000000	0,000000	0,000000	0,000000	0,000000	0,000000	0,000000	0,000000	0,000000	0,000000	0,000000	0,000000	0,000000	0,000000	0,000000	0,000000	0,000000	0,000000
8,354881	0,297568	7,993482	8,004203	8,018292	8,026679	8,039552	8,127674	8,138650	8,244598	8,387828	8,421509	8,498229	8,584422	8,641988	8,650628	8,698776	8,719875	8,836586	0,000000	0,000000	0,000000	0,000000	0,000000	0,000000	0,000000	0,000000	0,000000	0,000000
8,336334	0,300717	8,039433	8,065439	8,081796	8,091470	8,135537	8,154248	8,161357	8,172535	8,190120	8,196331	8,209790	8,237631	8,343457	8,773174	8,780250	8,794472	8,803479	8,823495	0,000000	0,000000	0,000000	0,000000	0,000000	0,000000	0,000000	0,000000	0,000000
8,412242	0,257343	8,008733	8,015276	8,108810	8,198328	8,212095	8,273246	8,375942	8,529251	8,584499	8,592035	8,597415	8,610736	8,619275	8,641481	8,816516	0,000000	0,000000	0,000000	0,000000	0,000000	0,000000	0,000000	0,000000	0,000000	0,000000	0,000000	0,000000
8,337076	0,258024	7,988825	8,006189	8,060475	8,066693	8,110387	8,317670	8,331006	8,344929	8,468009	8,516163	8,530403	8,539292	8,638108	8,800912	0,000000	0,000000	0,000000	0,000000	0,000000	0,000000	0,000000	0,000000	0,000000	0,000000	0,000000	0,000000	0,000000
8,274854	0,308921	7,976708	7,987801	8,000066	8,012148	8,027600	8,046425	8,076374	8,082023	8,094174	8,128986	8,341371	8,472183	8,485132	8,626640	8,670245	8,812642	8,831993	0,000000	0,000000	0,000000	0,000000	0,000000	0,000000	0,000000	0,000000	0,000000	0,000000
8,448727	0,289030	8,005319	8,038270	8,057357	8,162628	8,255378	8,268318	8,442697	8,476339	8,482075	8,496925	8,679397	8,684622	8,692199	8,719127	8,852358	8,866617	0,000000	0,000000	0,000000	0,000000	0,000000	0,000000	0,000000	0,000000	0,000000	0,000000	0,000000
8,381046	0,259542	8,057244	8,143887	8,164223	8,177382	8,184425	8,194852	8,230773	8,297713	8,420473	8,537081	8,686350	8,711430	8,741144	8,787660	0,000000	0,000000	0,000000	0,000000	0,000000	0,000000	0,000000	0,000000	0,000000	0,000000	0,000000	0,000000	0,000000
8,324652	0,341282	7,949208	7,963019	7,998629	8,004824	8,018778	8,030609	8,039606	8,073927	8,079651	8,119829	8,137952	8,162323	8,169964	8,538804	8,561208	8,600128	8,673388	8,757190	8,779587	8,804447	8,826106	8,853175	0,000000	0,000000	0,000000	0,000000	0,000000
8,369541	0,289158	7,983883	7,990468	7,998039	8,156045	8,208076	8,222140	8,242443	8,404331	8,528780	8,637904	8,655137	8,669176	8,690210	8,786946	0,000000	0,000000	0,000000	0,000000	0,000000	0,000000	0,000000	0,000000	0,000000	0,000000	0,000000	0,000000	0,000000
8,414131	0,287724	7,953386	8,014132	8,075155	8,096045	8,115499	8,195091	8,259135	8,367681	8,390308	8,514926	8,527879	8,589732	8,662123	8,677302	8,702059	8,715699	8,791171	8,807039	0,000000	0,000000	0,000000	0,000000	0,000000	0,000000	0,000000	0,000000	0,000000
8,257564	0,235111	7,975898	8,000299	8,015959	8,036903	8,093954	8,102279	8,115951	8,127007	8,135544	8,232189	8,270499	8,285877	8,397729	8,417298	8,472624	8,524730	8,709859	8,721549	0,000000	0,000000	0,000000	0,000000	0,000000	0,000000	0,000000	0,000000	0,000000
8,294626	0,251033	7,980006	8,007320	8,014224	8,020849	8,028724	8,037642	8,117209	8,165266	8,333641	8,344587	8,357838	8,368618	8,505869	8,535093	8,563298	8,597701	8,650182	8,675204	0,000000	0,000000	0,000000	0,000000	0,000000	0,000000	0,000000	0,000000	0,000000
8,441136	0,187225	8,132966	8,320932	8,336622	8,343217	8,358521	8,370029	8,441731	8,492310	8,581033	8,664118	8,811014	0,000000	0,000000	0,000000	0,000000	0,000000	0,000000	0,000000	0,000000	0,000000	0,000000	0,000000	0,000000	0,000000	0,000000	0,000000	0,000000
8,445385	0,266697	8,094575	8,105741	8,158342	8,172109	8,329391	8,459850	8,469038	8,630960	8,652577	8,715817	8,758555	8,797662	0,000000	0,000000	0,000000	0,000000	0,000000	0,000000	0,000000	0,000000	0,000000	0,000000	0,000000	0,000000	0,000000	0,000000	0,000000
8,392433	0,323082	7,970324	7,983633	7,990629	8,000284	8,020679	8,034274	8,111607	8,148688	8,377945	8,471228	8,489030	8,528731	8,580406	8,616810	8,691931	8,721778	8,728085	8,753763	8,799481	8,829361	0,000000	0,000000	0,000000	0,000000	0,000000	0,000000	0,000000
8,272862	0,302468	8,000940	8,007523	8,013598	8,034626	8,044394	8,063797	8,139041	8,183231	8,197761	8,411110	8,438715	8,622048	8,815760	8,847518	0,000000	0,000000	0,000000	0,000000	0,000000	0,000000	0,000000	0,000000	0,000000	0,000000	0,000000	0,000000	0,000000
8,375883	0,259449	7,978755	8,008647	8,118971	8,178251	8,217016	8,261312	8,269717	8,290175	8,335564	8,422342	8,464508	8,586690	8,594695	8,720651	8,776358	8,790478	0,000000	0,000000	0,000000	0,000000	0,000000	0,000000	0,000000	0,000000	0,000000	0,000000	0,000000
8,373864	0,276120	7,995088	8,013609	8,027747	8,204082	8,225779	8,370977	8,471111	8,474308	8,595191	8,669880	8,714394	8,724197	0,000000	0,000000	0,000000	0,000000	0,000000	0,000000	0,000000	0,000000	0,000000	0,000000	0,000000	0,000000	0,000000	0,000000	0,000000
8,305945	0,216226	8,015043	8,034170	8,071352	8,146574	8,168502	8,243507	8,253231	8,265911	8,273429	8,306200	8,444705	8,491008	8,540944	8,573693	8,760905	0,000000	0,000000	0,000000	0,000000	0,000000	0,000000	0,000000	0,000000	0,000000	0,000000	0,000000	0,000000
8,338576	0,305685	7,981255	7,994427	8,002387	8,008555	8,049680	8,056130	8,127715	8,294688	8,300731	8,314523	8,339408	8,353612	8,546590	8,631752	8,643514	8,798820	8,805287	8,845295	0,000000	0,000000	0,000000	0,000000	0,000000	0,000000	0,000000	0,000000	0,000000
8,338873	0,294750	7,974754	7,981305	7,994876	8,007321	8,023492	8,042198	8,131487	8,160474	8,235935	8,250208	8,329103	8,442430	8,478218	8,561898	8,585385	8,608306	8,680037	8,702225	8,742259	8,845552	0,000000	0,000000	0,000000	0,000000	0,000000	0,000000	0,000000
8,358795	0,268540	8,002447	8,049740	8,104298	8,135154	8,212456	8,304307	8,334254	8,468495	8,565104	8,646084	8,722049	8,761156	0,000000	0,000000	0,000000	0,000000	0,000000	0,000000	0,000000	0,000000	0,000000	0,000000	0,000000	0,000000	0,000000	0,000000	0,000000
8,413803	0,281715	7,976645	8,014625	8,071143	8,093246	8,154207	8,420884	8,477153	8,485253	8,499151	8,507820	8,605755	8,621251	8,688921	8,774997	8,815988	0,000000	0,000000	0,000000	0,000000	0,000000	0,000000	0,000000	0,000000	0,000000	0,000000	0,000000	0,000000
8,398031	0,269097	8,025048	8,033559	8,039974	8,047491	8,135278	8,240934	8,368773	8,438489	8,474261	8,485149	8,497174	8,522959	8,569301	8,588192	8,637231	8,797635	8,865075	0,000000	0,000000	0,000000	0,000000	0,000000	0,000000	0,000000	0,000000	0,000000	0,000000
8,271353	0,235219	7,998675	8,007918	8,102545	8,152128	8,161280	8,219039	8,284041	8,310026	8,473851	8,494699	8,780684	0,000000	0,000000	0,000000	0,000000	0,000000	0,000000	0,000000	0,000000	0,000000	0,000000	0,000000	0,000000	0,000000	0,000000	0,000000	0,000000
8,392070	0,222996	7,971195	8,131142	8,137848	8,145421	8,187276	8,259027	8,272722	8,295486	8,340723	8,359715	8,379003	8,456173	8,468136	8,506304	8,567032	8,584231	8,597982	8,664385	8,684482	8,833114	0,000000	0,000000	0,000000	0,000000	0,000000	0,000000	0,000000
8,435692	0,210762	8,109789	8,217338	8,233721	8,244392	8,311469	8,343511	8,358102	8,478679	8,484383	8,511811	8,591591	8,678610	8,737623	8,798671	0,000000	0,000000	0,000000	0,000000	0,000000	0,000000	0,000000	0,000000	0,000000	0,000000	0,000000	0,000000	0,000000
8,513780	0,248898	7,990419	8,025294	8,085950	8,124456	8,443010	8,483120	8,548900	8,562351	8,576612	8,591092	8,598502	8,638316	8,653168	8,670898	8,686882	8,692342	8,700996	8,715664	8,734942	8,752690	0,000000	0,000000	0,000000	0,000000	0,000000	0,000000	0,000000
8,410817	0,208046	8,005616	8,091276	8,228816	8,243142	8,249092	8,332559	8,346907	8,385018	8,408704	8,424843	8,457722	8,536337	8,592941	8,625630	8,638650	8,680205	8,736423	0,000000	0,000000	0,000000	0,000000	0,000000	0,000000	0,000000	0,000000	0,000000	0,000000
8,203444	0,256487	7,984820	7,993955	8,007529	8,083488	8,104020	8,155014	8,298459	8,455043	8,748670	0,000000	0,000000	0,000000	0,000000	0,000000	0,000000	0,000000	0,000000	0,000000	0,000000	0,000000	0,000000	0,000000	0,000000	0,000000	0,000000	0,000000	0,000000
8,324199	0,272543	7,985395	8,000750	8,007285	8,014993	8,023557	8,035305	8,041976	8,055900	8,138212	8,154431	8,195128	8,236376	8,296750	8,320473	8,388407	8,412819	8,418451	8,445296	8,508189	8,524870	8,574714	8,632686	8,649566	8,736520	8,791202	8,839932	0,000000
8,315887	0,333661	7,984816	7,993985	8,011475	8,018340	8,038439	8,072808	8,113074	8,138544	8,191033	8,201701	8,505592	8,624462	8,720393	8,794012	8,800737	8,844774	0,000000	0,000000	0,000000	0,000000	0,000000	0,000000	0,000000	0,000000	0,000000	0,000000	0,000000
8,282939	0,245051	7,977208	8,000122	8,029546	8,062742	8,117094	8,157649	8,207259	8,410355	8,458489	8,475858	8,542636	8,560082	8,679167	0,000000	0,000000	0,000000	0,000000	0,000000	0,000000	0,000000	0,000000	0,000000	0,000000	0,000000	0,000000	0,000000	0,000000
8,278427	0,275350	7,978689	7,990995	8,005170	8,022893	8,088260	8,138033	8,296382	8,305062	8,369191	8,399426	8,539383	8,648746	8,837323	0,000000	0,000000	0,000000	0,000000	0,000000	0,000000	0,000000	0,000000	0,000000	0,000000	0,000000	0,000000	0,000000	0,000000
8,467681	0,179348	7,999907	8,251225	8,360562	8,407974	8,420354	8,427407	8,521204	8,531301	8,544476	8,559562	8,589760	8,603151	8,643440	8,687206	0,000000	0,000000	0,000000	0,000000	0,000000	0,000000	0,000000	0,000000	0,000000	0,000000	0,000000	0,000000	0,000000
8,299618	0,240645	7,990040	8,001710	8,012671	8,052445	8,061587	8,068135	8,075811	8,120606	8,140435	8,151894	8,173286	8,220374	8,258779	8,265902	8,323773	8,351282	8,366850	8,373406	8,409214	8,442132	8,487750	8,614319	8,661196	8,678952	8,688896	8,798619	0,000000
8,411641	0,202971	8,096350	8,159301	8,260847	8,268601	8,285551	8,313299	8,343127	8,362059	8,405892	8,444396	8,493970	8,570136	8,673330	8,682509	8,815252	0,000000	0,000000	0,000000	0,000000	0,000000	0,000000	0,000000	0,000000	0,000000	0,000000	0,000000	0,000000
8,340458	0,217894	7,983934	8,014918	8,235652	8,242582	8,331686	8,344133	8,404802	8,476013	8,482528	8,495524	8,733262	0,000000	0,000000	0,000000	0,000000	0,000000	0,000000	0,000000	0,000000	0,000000	0,000000	0,000000	0,000000	0,000000	0,000000	0,000000	0,000000
8,247374	0,292997	7,989210	8,009084	8,016503	8,025138	8,101052	8,122856	8,156956	8,283555	8,500885	8,745031	8,770845	0,000000	0,000000	0,000000	0,000000	0,000000	0,000000	0,000000	0,000000	0,000000	0,000000	0,000000	0,000000	0,000000	0,000000	0,000000	0,000000
8,357252	0,290509	7,995315	8,033006	8,045820	8,053418	8,116522	8,219448	8,388773	8,461587	8,556097	8,634460	8,690872	8,701187	8,747778	0,000000	0,000000	0,000000	0,000000	0,000000	0,000000	0,000000	0,000000	0,000000	0,000000	0,000000	0,000000	0,000000	0,000000
8,344613	0,267444	8,023081	8,034530	8,056945	8,086922	8,134346	8,210663	8,368190	8,418547	8,432481	8,448022	8,475614	8,491208	8,815893	8,828142	0,000000	0,000000	0,000000	0,000000	0,000000	0,000000	0,000000	0,000000	0,000000	0,000000	0,000000	0,000000	0,000000
8,389286	0,245174	7,989210	8,160245	8,236715	8,344840	8,405523	8,481621	8,500895	8,553923	8,830601	0,000000	0,000000	0,000000	0,000000	0,000000	0,000000	0,000000	0,000000	0,000000	0,000000	0,000000	0,000000	0,000000	0,000000	0,000000	0,000000	0,000000	0,000000
8,311894	0,262375	8,029869	8,051522	8,070642	8,128235	8,139699	8,153928	8,228681	8,419800	8,528657	8,586391	8,610212	8,795091	0,000000	0,000000	0,000000	0,000000	0,000000	0,000000	0,000000	0,000000	0,000000	0,000000	0,000000	0,000000	0,000000	0,000000	0,000000
8,395295	0,311582	7,999144	8,012142	8,025498	8,034510	8,049008	8,077358	8,127376	8,131784	8,168395	8,199574	8,221921	8,241627	8,282799	8,362088	8,405706	8,505716	8,540853	8,575285	8,689285	8,711947	8,772622	8,791144	8,807228	8,837375	8,848591	8,858694	0,000000
8,343539	0,287567	7,982259	8,009219	8,032640	8,068312	8,080395	8,093837	8,103081	8,118413	8,220510	8,290249	8,315410	8,425384	8,438718	8,488820	8,521121	8,558168	8,671946	8,784966	8,830902	8,836422	0,000000	0,000000	0,000000	0,000000	0,000000	0,000000	0,000000
8,417032	0,295022	7,972857	7,998028	8,005457	8,012412	8,021887	8,087883	8,313291	8,416051	8,430271	8,448036	8,461843	8,469529	8,482736	8,503586	8,556688	8,721186	8,742428	8,749891	8,774755	8,781691	8,807176	0,000000	0,000000	0,000000	0,000000	0,000000	0,000000
8,334975	0,252167	7,973916	8,035683	8,041880	8,085959	8,100804	8,107629	8,126166	8,148894	8,153957	8,266026	8,281516	8,351509	8,361691	8,405790	8,448239	8,453972	8,510974	8,682433	8,689894	8,702136	8,712346	8,728026	0,000000	0,000000	0,000000	0,000000	0,000000
8,287561	0,233179	8,005594	8,040000	8,053618	8,172800	8,212919	8,269745	8,283279	8,315523	8,471991	8,626620	8,711082	0,000000	0,000000	0,000000	0,000000	0,000000	0,000000	0,000000	0,000000	0,000000	0,000000	0,000000	0,000000	0,000000	0,000000	0,000000	0,000000
8,363631	0,370120	7,993263	8,000205	8,015713	8,021319	8,034093	8,042836	8,057448	8,081908	8,094134	8,150305	8,220291	8,346389	8,394085	8,612812	8,626809	8,674850	8,686491	8,714770	8,754926	8,794190	9,319417	0,000000	0,000000	0,000000	0,000000	0,000000	0,000000
8,355670	0,328779	7,989034	7,997312	8,010041	8,019619	8,050341	8,077689	8,088882	8,095178	8,117174	8,127516	8,263079	8,285377	8,459752	8,533334	8,668352	8,724536	8,749080	8,777142	8,782317	8,813130	8,840195	0,000000	0,000000	0,000000	0,000000	0,000000	0,000000
8,398146	0,252528	7,988122	7,993749	8,037471	8,066457	8,072110	8,164973	8,294594	8,301098	8,308898	8,360181	8,401310	8,426213	8,447893	8,485432	8,521985	8,539044	8,577117	8,608413	8,631970	8,658590	8,703579	8,734271	8,833890	0,000000	0,000000	0,000000	0,000000
8,275828	0,326126	7,984733	8,009934	8,026393	8,032959	8,072903	8,112248	8,146222	8,263741	8,286757	8,712064	8,802804	8,859175	0,000000	0,000000	0,000000	0,000000	0,000000	0,000000	0,000000	0,000000	0,000000	0,000000	0,000000	0,000000	0,000000	0,000000	0,000000
8,293077	0,316010	7,993700	8,025882	8,042465	8,143816	8,159323	8,516126	8,714363	8,748938	0,000000	0,000000	0,000000	0,000000	0,000000	0,000000	0,000000	0,000000	0,000000	0,000000	0,000000	0,000000	0,000000	0,000000	0,000000	0,000000	0,000000	0,000000	0,000000
8,417032	0,293962	7,980203	8,001344	8,102481	8,115703	8,123977	8,179893	8,205696	8,220621	8,289423	8,311255	8,510518	8,525646	8,578858	8,620011	8,699791	8,708625	8,714926	8,722518	8,857264	8,871896	0,000000	0,000000	0,000000	0,000000	0,000000	0,000000	0,000000
8,374353	0,339780	7,970819	8,001079	8,016581	8,030703	8,039217	8,189994	8,371183	8,381061	8,404605	8,650228	8,701348	8,776072	8,834896	8,873152	0,000000	0,000000	0,000000	0,000000	0,000000	0,000000	0,000000	0,000000	0,000000	0,000000	0,000000	0,000000	0,000000
8,355603	0,250543	7,987378	8,017100	8,030994	8,039272	8,061153	8,157150	8,209882	8,282612	8,314992	8,341177	8,382750	8,405912	8,457637	8,526591	8,551243	8,607755	8,638315	8,671832	8,695009	8,733306	0,000000	0,000000	0,000000	0,000000	0,000000	0,000000	0,000000
8,175228	0,194462	7,977130	7,992164	7,998498	8,023996	8,033683	8,039493	8,066714	8,088093	8,216383	8,247245	8,359942	8,410547	8,495128	8,504172	0,000000	0,000000	0,000000	0,000000	0,000000	0,000000	0,000000	0,000000	0,000000	0,000000	0,000000	0,000000	0,000000
8,331906	0,253712	7,947296	7,971850	8,077381	8,194255	8,206693	8,284083	8,298026	8,347897	8,474056	8,549416	8,568265	8,679645	8,715922	0,000000	0,000000	0,000000	0,000000	0,000000	0,000000	0,000000	0,000000	0,000000	0,000000	0,000000	0,000000	0,000000	0,000000
8,207312	0,279213	7,995834	8,004316	8,019826	8,027025	8,078147	8,138824	8,341589	8,438872	8,821374	0,000000	0,000000	0,000000	0,000000	0,000000	0,000000	0,000000	0,000000	0,000000	0,000000	0,000000	0,000000	0,000000	0,000000	0,000000	0,000000	0,000000	0,000000
8,340240	0,347289	7,995057	8,006064	8,019396	8,028052	8,071203	8,481642	8,522351	8,733090	8,762414	8,783134	0,000000	0,000000	0,000000	0,000000	0,000000	0,000000	0,000000	0,000000	0,000000	0,000000	0,000000	0,000000	0,000000	0,000000	0,000000	0,000000	0,000000
8,205399	0,202188	8,004558	8,018211	8,025185	8,032562	8,090710	8,143300	8,203009	8,314984	8,392071	8,438317	8,596488	0,000000	0,000000	0,000000	0,000000	0,000000	0,000000	0,000000	0,000000	0,000000	0,000000	0,000000	0,000000	0,000000	0,000000	0,000000	0,000000
8,521769	0,157979	8,211526	8,218389	8,415120	8,434589	8,489337	8,502892	8,513907	8,527081	8,543823	8,604868	8,621590	8,632102	8,645820	8,674889	8,790608	0,000000	0,000000	0,000000	0,000000	0,000000	0,000000	0,000000	0,000000	0,000000	0,000000	0,000000	0,000000
8,356241	0,262263	7,987946	8,018223	8,281488	8,288597	8,354033	8,386195	8,480529	8,579743	8,829411	0,000000	0,000000	0,000000	0,000000	0,000000	0,000000	0,000000	0,000000	0,000000	0,000000	0,000000	0,000000	0,000000	0,000000	0,000000	0,000000	0,000000	0,000000
8,249768	0,254360	7,969475	7,978810	7,985347	7,999984	8,007917	8,087499	8,135795	8,325279	8,391114	8,417060	8,428207	8,468339	8,607475	8,694452	0,000000	0,000000	0,000000	0,000000	0,000000	0,000000	0,000000	0,000000	0,000000	0,000000	0,000000	0,000000	0,000000
8,503052	0,209257	8,185378	8,199525	8,333910	8,413630	8,423876	8,506493	8,598518	8,663789	8,697374	8,725997	8,785077	0,000000	0,000000	0,000000	0,000000	0,000000	0,000000	0,000000	0,000000	0,000000	0,000000	0,000000	0,000000	0,000000	0,000000	0,000000	0,000000
8,425434	0,289418	8,011837	8,047022	8,076591	8,126622	8,143728	8,219008	8,240190	8,298446	8,546759	8,561035	8,592675	8,628308	8,676760	8,696344	8,721338	8,810317	8,835399	0,000000	0,000000	0,000000	0,000000	0,000000	0,000000	0,000000	0,000000	0,000000	0,000000
8,333749	0,274433	7,978373	7,996018	8,011650	8,017664	8,034412	8,141419	8,266125	8,272453	8,336443	8,385989	8,464579	8,493640	8,518513	8,532050	8,666311	8,775190	8,782897	0,000000	0,000000	0,000000	0,000000	0,000000	0,000000	0,000000	0,000000	0,000000	0,000000
8,256628	0,235202	7,984982	8,009277	8,023677	8,159245	8,178225	8,192022	8,263200	8,352801	8,366579	8,549372	8,743531	0,000000	0,000000	0,000000	0,000000	0,000000	0,000000	0,000000	0,000000	0,000000	0,000000	0,000000	0,000000	0,000000	0,000000	0,000000	0,000000
8,336347	0,323067	7,982051	7,989420	8,001102	8,060739	8,084195	8,136291	8,164953	8,229751	8,252701	8,431008	8,628999	8,641738	8,774923	8,814135	8,853202	0,000000	0,000000	0,000000	0,000000	0,000000	0,000000	0,000000	0,000000	0,000000	0,000000	0,000000	0,000000
8,406690	0,273195	7,987658	7,994334	8,001812	8,009524	8,217956	8,227445	8,240246	8,382174	8,454690	8,468125	8,482978	8,523946	8,570303	8,607765	8,638429	8,656814	8,679498	8,785471	8,797944	0,000000	0,000000	0,000000	0,000000	0,000000	0,000000	0,000000	0,000000
8,285089	0,263856	7,973783	7,982387	7,994197	8,000686	8,128304	8,177128	8,196623	8,208653	8,221333	8,260377	8,268512	8,382592	8,413171	8,433522	8,553696	8,814546	8,836999	0,000000	0,000000	0,000000	0,000000	0,000000	0,000000	0,000000	0,000000	0,000000	0,000000
8,305643	0,257669	7,989257	8,041442	8,069359	8,085637	8,103997	8,127640	8,133090	8,151787	8,200615	8,329455	8,486455	8,580982	8,586060	8,631394	8,665080	8,708045	0,000000	0,000000	0,000000	0,000000	0,000000	0,000000	0,000000	0,000000	0,000000	0,000000	0,000000
8,358226	0,260435	7,972128	7,982238	8,026679	8,038160	8,047515	8,148913	8,163029	8,194717	8,258583	8,366803	8,374687	8,404531	8,424629	8,471280	8,489174	8,497506	8,511534	8,568437	8,640511	8,726686	8,782143	8,791082	0,000000	0,000000	0,000000	0,000000	0,000000
8,306042	0,257913	7,978416	8,015437	8,022154	8,029731	8,106808	8,128688	8,142396	8,180577	8,269591	8,274837	8,288107	8,295597	8,302287	8,338348	8,344024	8,427753	8,647658	8,743633	8,783950	8,800847	0,000000	0,000000	0,000000	0,000000	0,000000	0,000000	0,000000
8,380125	0,294028	8,002319	8,049347	8,080132	8,107192	8,148322	8,188656	8,289254	8,303758	8,342388	8,466381	8,652221	8,737292	8,743855	8,767382	8,823384	0,000000	0,000000	0,000000	0,000000	0,000000	0,000000	0,000000	0,000000	0,000000	0,000000	0,000000	0,000000
8,394258	0,308293	7,983459	7,997660	8,005075	8,109718	8,201208	8,209803	8,223077	8,403513	8,519015	8,567674	8,615310	8,685317	8,746622	8,816041	8,830373	0,000000	0,000000	0,000000	0,000000	0,000000	0,000000	0,000000	0,000000	0,000000	0,000000	0,000000	0,000000
8,284530	0,280072	7,981310	7,987796	8,003553	8,029240	8,042473	8,088783	8,111593	8,247955	8,280935	8,324044	8,381589	8,391778	8,463688	8,558694	8,813224	8,845834	0,000000	0,000000	0,000000	0,000000	0,000000	0,000000	0,000000	0,000000	0,000000	0,000000	0,000000
8,462837	0,309613	7,995215	8,008980	8,050014	8,059847	8,073174	8,217457	8,259417	8,366663	8,416171	8,456751	8,510061	8,530985	8,556669	8,570395	8,677202	8,746744	8,762780	8,834306	8,848423	8,868015	8,910301	0,000000	0,000000	0,000000	0,000000	0,000000	0,000000
8,377026	0,334137	7,984379	7,997106	8,032347	8,046212	8,054440	8,065459	8,088387	8,129454	8,171899	8,467645	8,601131	8,627480	8,688139	8,705226	8,756786	8,761996	8,789735	8,818639	0,000000	0,000000	0,000000	0,000000	0,000000	0,000000	0,000000	0,000000	0,000000
8,340267	0,304731	7,973466	7,998224	8,012318	8,022531	8,034018	8,069833	8,083540	8,106417	8,120249	8,129976	8,152478	8,253165	8,299928	8,376179	8,394416	8,408082	8,529433	8,575811	8,644818	8,722451	8,744802	8,797253	8,822479	8,894544	0,000000	0,000000	0,000000
8,246169	0,274200	7,994207	8,024209	8,046319	8,083410	8,107453	8,171880	8,185859	8,208253	8,227306	8,308811	8,751478	8,844841	0,000000	0,000000	0,000000	0,000000	0,000000	0,000000	0,000000	0,000000	0,000000	0,000000	0,000000	0,000000	0,000000	0,000000	0,000000
8,372238	0,243910	7,989684	8,074237	8,090126	8,112746	8,129110	8,197986	8,404370	8,486250	8,509413	8,515706	8,569751	8,578612	8,593032	8,618093	8,714455	0,000000	0,000000	0,000000	0,000000	0,000000	0,000000	0,000000	0,000000	0,000000	0,000000	0,000000	0,000000
8,293523	0,256999	7,995455	8,004100	8,009640	8,017632	8,049102	8,063076	8,071324	8,078986	8,125508	8,210574	8,306887	8,355856	8,436957	8,495246	8,550397	8,555890	8,563621	8,606722	8,656661	8,716828	0,000000	0,000000	0,000000	0,000000	0,000000	0,000000	0,000000
8,176645	0,162573	8,015880	8,022199	8,029904	8,038476	8,294457	8,300295	8,331496	8,380454	0,000000	0,000000	0,000000	0,000000	0,000000	0,000000	0,000000	0,000000	0,000000	0,000000	0,000000	0,000000	0,000000	0,000000	0,000000	0,000000	0,000000	0,000000	0,000000
8,378624	0,281468	7,983120	8,015154	8,067486	8,079618	8,093087	8,114906	8,236157	8,257057	8,269043	8,319109	8,466027	8,477605	8,527077	8,560412	8,718625	8,722802	8,735592	8,758712	8,792276	0,000000	0,000000	0,000000	0,000000	0,000000	0,000000	0,000000	0,000000
8,368561	0,301336	7,987245	8,029259	8,043939	8,051140	8,057153	8,118874	8,134179	8,141554	8,177758	8,214314	8,336577	8,366944	8,379904	8,384238	8,456576	8,576786	8,641624	8,684636	8,720328	8,789821	8,859810	8,955695	0,000000	0,000000	0,000000	0,000000	0,000000
8,404714	0,310932	8,054284	8,102783	8,543255	8,557820	8,765428	0,000000	0,000000	0,000000	0,000000	0,000000	0,000000	0,000000	0,000000	0,000000	0,000000	0,000000	0,000000	0,000000	0,000000	0,000000	0,000000	0,000000	0,000000	0,000000	0,000000	0,000000	0,000000
8,315049	0,267572	7,974373	7,991651	8,005296	8,010754	8,024464	8,059327	8,122057	8,241839	8,270125	8,419642	8,445280	8,468219	8,474811	8,497001	8,594651	8,660411	8,681777	8,729209	0,000000	0,000000	0,000000	0,000000	0,000000	0,000000	0,000000	0,000000	0,000000
8,510830	0,289914	8,057437	8,222097	8,503642	8,555307	8,567959	8,822180	8,847189	0,000000	0,000000	0,000000	0,000000	0,000000	0,000000	0,000000	0,000000	0,000000	0,000000	0,000000	0,000000	0,000000	0,000000	0,000000	0,000000	0,000000	0,000000	0,000000	0,000000
8,357572	0,341178	7,976337	7,998619	8,013695	8,020898	8,030565	8,117327	8,207796	8,283123	8,444826	8,456977	8,587126	8,677852	8,747563	8,808371	8,992502	0,000000	0,000000	0,000000	0,000000	0,000000	0,000000	0,000000	0,000000	0,000000	0,000000	0,000000	0,000000
8,359978	0,320451	7,976637	7,983447	7,990730	8,004853	8,076158	8,089916	8,100697	8,121307	8,134977	8,261344	8,275850	8,282450	8,437305	8,465429	8,485570	8,549724	8,603582	8,663834	8,736841	8,776085	8,854137	9,048637	0,000000	0,000000	0,000000	0,000000	0,000000
8,449318	0,293363	7,976177	8,198377	8,286131	8,350525	8,556171	8,671948	8,740999	8,814216	0,000000	0,000000	0,000000	0,000000	0,000000	0,000000	0,000000	0,000000	0,000000	0,000000	0,000000	0,000000	0,000000	0,000000	0,000000	0,000000	0,000000	0,000000	0,000000
8,398041	0,159896	8,096754	8,188894	8,203205	8,250844	8,327530	8,383236	8,395085	8,401314	8,407904	8,416267	8,438642	8,455706	8,517724	8,572383	8,643682	8,669493	0,000000	0,000000	0,000000	0,000000	0,000000	0,000000	0,000000	0,000000	0,000000	0,000000	0,000000
8,535825	0,194135	8,278205	8,290952	8,323137	8,452521	8,473591	8,537774	8,576522	8,612935	8,732020	8,804996	8,811421	0,000000	0,000000	0,000000	0,000000	0,000000	0,000000	0,000000	0,000000	0,000000	0,000000	0,000000	0,000000	0,000000	0,000000	0,000000	0,000000
8,398700	0,293040	8,011552	8,050957	8,074476	8,081395	8,088395	8,127500	8,148417	8,158755	8,363297	8,395302	8,402338	8,408963	8,417234	8,437510	8,476740	8,657211	8,737212	8,803844	8,814880	8,851001	8,865728	0,000000	0,000000	0,000000	0,000000	0,000000	0,000000
8,169005	0,180672	7,979121	8,016451	8,026244	8,067983	8,095860	8,109246	8,193674	8,276760	8,389488	8,535220	0,000000	0,000000	0,000000	0,000000	0,000000	0,000000	0,000000	0,000000	0,000000	0,000000	0,000000	0,000000	0,000000	0,000000	0,000000	0,000000	0,000000
8,324774	0,302756	7,976047	7,992936	8,003839	8,013085	8,026324	8,040850	8,053196	8,130888	8,178048	8,202976	8,236203	8,243026	8,311574	8,373479	8,477291	8,533587	8,593998	8,633217	8,658218	8,701703	8,725436	9,039099	0,000000	0,000000	0,000000	0,000000	0,000000
8,557797	0,311603	8,008780	8,056235	8,302575	8,394075	8,486053	8,546046	8,760415	8,766879	8,806684	8,820574	8,828757	8,916494	0,000000	0,000000	0,000000	0,000000	0,000000	0,000000	0,000000	0,000000	0,000000	0,000000	0,000000	0,000000	0,000000	0,000000	0,000000
8,233966	0,239277	7,985538	7,997899	8,045641	8,071402	8,077629	8,077772	8,145904	8,235873	8,260430	8,283986	8,593575	8,623033	8,642882	0,000000	0,000000	0,000000	0,000000	0,000000	0,000000	0,000000	0,000000	0,000000	0,000000	0,000000	0,000000	0,000000	0,000000
8,302985	0,289930	7,971839	7,985835	8,001922	8,023538	8,094709	8,117521	8,167253	8,211635	8,331680	8,410504	8,475027	8,514148	8,680959	8,706656	8,851555	0,000000	0,000000	0,000000	0,000000	0,000000	0,000000	0,000000	0,000000	0,000000	0,000000	0,000000	0,000000
8,379517	0,276022	7,981533	8,115117	8,142387	8,316425	8,546327	8,595442	8,636015	8,702886	0,000000	0,000000	0,000000	0,000000	0,000000	0,000000	0,000000	0,000000	0,000000	0,000000	0,000000	0,000000	0,000000	0,000000	0,000000	0,000000	0,000000	0,000000	0,000000
8,529692	0,296208	7,984603	8,045679	8,139735	8,163292	8,220532	8,277544	8,301403	8,370590	8,424972	8,479945	8,598005	8,680821	8,694994	8,729893	8,753875	8,765677	8,779290	8,815181	8,829643	8,849157	8,855118	8,893271	0,000000	0,000000	0,000000	0,000000	0,000000
8,435339	0,205446	8,092726	8,113247	8,132999	8,261015	8,275038	8,297416	8,459414	8,478019	8,494577	8,501285	8,529754	8,564939	8,573499	8,587228	8,595891	8,622879	8,820835	0,000000	0,000000	0,000000	0,000000	0,000000	0,000000	0,000000	0,000000	0,000000	0,000000
8,373716	0,266895	7,984189	8,001194	8,043743	8,165245	8,171427	8,178138	8,185774	8,211840	8,239241	8,265677	8,280448	8,324646	8,420238	8,462863	8,573759	8,626040	8,680002	8,741894	8,750591	8,763259	8,777833	0,000000	0,000000	0,000000	0,000000	0,000000	0,000000
8,353009	0,317273	7,983472	7,999445	8,080350	8,087486	8,110252	8,183817	8,213131	8,243051	8,278891	8,410220	8,506458	8,661025	8,764148	8,792420	8,980974	0,000000	0,000000	0,000000	0,000000	0,000000	0,000000	0,000000	0,000000	0,000000	0,000000	0,000000	0,000000
8,370667	0,262576	7,995906	8,009924	8,100543	8,107371	8,114883	8,155149	8,191537	8,205373	8,215008	8,231975	8,273189	8,410632	8,494204	8,522647	8,581447	8,601817	8,641814	8,671797	8,723950	8,758805	8,776031	0,000000	0,000000	0,000000	0,000000	0,000000	0,000000
8,284868	0,273212	7,997766	8,008837	8,038480	8,046131	8,052911	8,060090	8,355404	8,494722	8,509119	8,560985	8,610641	8,683330	0,000000	0,000000	0,000000	0,000000	0,000000	0,000000	0,000000	0,000000	0,000000	0,000000	0,000000	0,000000	0,000000	0,000000	0,000000
8,325721	0,312159	7,990003	8,011584	8,018499	8,043857	8,061818	8,086856	8,182488	8,222510	8,247150	8,358480	8,400009	8,479698	8,608403	8,723755	8,814243	8,962189	0,000000	0,000000	0,000000	0,000000	0,000000	0,000000	0,000000	0,000000	0,000000	0,000000	0,000000
8,449322	0,272168	8,019496	8,118556	8,196211	8,265112	8,533705	8,583826	8,639072	8,652976	8,728817	8,755449	0,000000	0,000000	0,000000	0,000000	0,000000	0,000000	0,000000	0,000000	0,000000	0,000000	0,000000	0,000000	0,000000	0,000000	0,000000	0,000000	0,000000
8,216496	0,144202	8,086584	8,093204	8,100906	8,109683	8,125037	8,140808	8,244683	8,284257	8,306037	8,347526	8,542730	0,000000	0,000000	0,000000	0,000000	0,000000	0,000000	0,000000	0,000000	0,000000	0,000000	0,000000	0,000000	0,000000	0,000000	0,000000	0,000000
8,390883	0,189882	8,085528	8,099778	8,368488	8,401048	8,443580	8,468314	8,482057	8,490409	8,678742	0,000000	0,000000	0,000000	0,000000	0,000000	0,000000	0,000000	0,000000	0,000000	0,000000	0,000000	0,000000	0,000000	0,000000	0,000000	0,000000	0,000000	0,000000
8,305020	0,242648	7,989988	7,996933	8,010517	8,024643	8,107995	8,180101	8,260676	8,271903	8,281746	8,332125	8,348094	8,396190	8,424447	8,530845	8,585823	8,615978	8,827329	0,000000	0,000000	0,000000	0,000000	0,000000	0,000000	0,000000	0,000000	0,000000	0,000000
8,524147	0,234378	7,985963	8,126744	8,305112	8,417188	8,424319	8,434595	8,440519	8,481876	8,535711	8,613599	8,634238	8,701345	8,716518	8,739952	8,745686	8,755008	8,852123	0,000000	0,000000	0,000000	0,000000	0,000000	0,000000	0,000000	0,000000	0,000000	0,000000
8,239887	0,188844	7,991621	8,004272	8,012784	8,026326	8,084497	8,144672	8,168474	8,192642	8,216166	8,261635	8,281820	8,320502	8,382297	8,415574	8,455681	8,513026	8,606092	0,000000	0,000000	0,000000	0,000000	0,000000	0,000000	0,000000	0,000000	0,000000	0,000000
8,372135	0,186615	8,009897	8,173999	8,188617	8,202337	8,247584	8,294556	8,367527	8,441780	8,488772	8,516294	8,527841	8,564779	8,586828	8,599083	0,000000	0,000000	0,000000	0,000000	0,000000	0,000000	0,000000	0,000000	0,000000	0,000000	0,000000	0,000000	0,000000
8,297139	0,273169	7,969111	7,980140	7,992742	8,045527	8,071732	8,149474	8,172209	8,193638	8,225779	8,246760	8,252092	8,321983	8,360890	8,419935	8,705136	8,715353	8,743750	8,782244	0,000000	0,000000	0,000000	0,000000	0,000000	0,000000	0,000000	0,000000	0,000000
8,341005	0,234886	8,029559	8,037504	8,051450	8,093821	8,121343	8,158542	8,238289	8,251342	8,261893	8,272340	8,349289	8,443598	8,450444	8,465214	8,551232	8,563419	8,696240	8,715877	8,727706	0,000000	0,000000	0,000000	0,000000	0,000000	0,000000	0,000000	0,000000
8,290376	0,247648	7,980931	7,992059	8,001177	8,013486	8,033026	8,050407	8,246329	8,312604	8,319410	8,334427	8,339824	8,355726	8,422494	8,543676	8,640207	8,667245	8,683368	0,000000	0,000000	0,000000	0,000000	0,000000	0,000000	0,000000	0,000000	0,000000	0,000000
8,396717	0,203269	8,005522	8,058794	8,180937	8,259423	8,328393	8,352391	8,373096	8,390347	8,395671	8,479634	8,506303	8,513545	8,525774	8,574840	8,619786	8,783015	0,000000	0,000000	0,000000	0,000000	0,000000	0,000000	0,000000	0,000000	0,000000	0,000000	0,000000
8,433594	0,240830	7,984087	7,991078	7,996715	8,134373	8,152171	8,243043	8,283392	8,380787	8,446700	8,476206	8,492970	8,509199	8,544939	8,555442	8,569110	8,584721	8,592825	8,620621	8,627007	8,671241	8,680083	8,702981	8,732978	0,000000	0,000000	0,000000	0,000000
8,228551	0,220100	8,009749	8,016336	8,085608	8,095389	8,111184	8,120909	8,180019	8,196293	8,252289	8,258800	8,297960	8,574393	8,772234	0,000000	0,000000	0,000000	0,000000	0,000000	0,000000	0,000000	0,000000	0,000000	0,000000	0,000000	0,000000	0,000000	0,000000
8,413157	0,261811	8,002244	8,033612	8,079899	8,128278	8,171317	8,191700	8,205419	8,234897	8,298106	8,353233	8,380190	8,460455	8,482381	8,517401	8,554957	8,577092	8,611997	8,675547	8,706161	8,747095	8,815438	8,862033	0,000000	0,000000	0,000000	0,000000	0,000000
8,496012	0,317574	7,975252	8,019901	8,067777	8,212372	8,310438	8,347821	8,370179	8,480696	8,572737	8,690734	8,709941	8,769129	8,799878	8,840799	8,854622	8,913923	0,000000	0,000000	0,000000	0,000000	0,000000	0,000000	0,000000	0,000000	0,000000	0,000000	0,000000
8,305903	0,252137	8,015957	8,022503	8,030198	8,043186	8,061789	8,105397	8,216750	8,230272	8,264020	8,300147	8,327506	8,359747	8,390016	8,423850	8,511298	8,577120	8,788987	8,837513	0,000000	0,000000	0,000000	0,000000	0,000000	0,000000	0,000000	0,000000	0,000000
8,437264	0,302455	8,001700	8,056573	8,083043	8,098466	8,105602	8,134887	8,351548	8,386520	8,513394	8,598196	8,614843	8,641020	8,661924	8,750474	8,764861	8,830683	8,839758	0,000000	0,000000	0,000000	0,000000	0,000000	0,000000	0,000000	0,000000	0,000000	0,000000
8,433880	0,326963	7,997111	8,003498	8,011011	8,120097	8,134291	8,518715	8,575570	8,607254	8,633310	8,660653	8,747091	8,790487	8,841352	0,000000	0,000000	0,000000	0,000000	0,000000	0,000000	0,000000	0,000000	0,000000	0,000000	0,000000	0,000000	0,000000	0,000000
8,315282	0,287384	7,984002	7,994903	8,015710	8,031922	8,115234	8,171997	8,178170	8,190693	8,217635	8,228313	8,491947	8,571229	8,615917	8,712639	8,752912	8,771284	0,000000	0,000000	0,000000	0,000000	0,000000	0,000000	0,000000	0,000000	0,000000	0,000000	0,000000
8,493820	0,238851	8,186979	8,193333	8,206352	8,219951	8,228493	8,278932	8,472547	8,513107	8,574195	8,596781	8,621783	8,716092	8,752524	8,761108	8,778732	8,800213	0,000000	0,000000	0,000000	0,000000	0,000000	0,000000	0,000000	0,000000	0,000000	0,000000	0,000000
8,304644	0,263976	7,965938	7,983480	8,018339	8,048895	8,074895	8,102237	8,163319	8,183410	8,197111	8,262131	8,282600	8,296111	8,324627	8,361344	8,387991	8,547579	8,553612	8,717698	8,780305	8,841254	0,000000	0,000000	0,000000	0,000000	0,000000	0,000000	0,000000
8,330650	0,290874	7,977330	7,983825	8,026374	8,163039	8,200993	8,216698	8,223670	8,307679	8,436853	8,530841	8,573428	8,806423	8,851294	0,000000	0,000000	0,000000	0,000000	0,000000	0,000000	0,000000	0,000000	0,000000	0,000000	0,000000	0,000000	0,000000	0,000000
8,499084	0,310188	7,990617	8,043774	8,104254	8,166188	8,245230	8,277697	8,460854	8,475127	8,528480	8,586749	8,705785	8,722372	8,763050	8,795122	8,821171	8,830415	8,967544	0,000000	0,000000	0,000000	0,000000	0,000000	0,000000	0,000000	0,000000	0,000000	0,000000
8,236245	0,291637	7,978696	7,990727	8,004237	8,018922	8,059225	8,084540	8,109973	8,150287	8,184291	8,356858	8,596500	8,739060	8,797870	0,000000	0,000000	0,000000	0,000000	0,000000	0,000000	0,000000	0,000000	0,000000	0,000000	0,000000	0,000000	0,000000	0,000000
8,358839	0,236236	7,985954	8,187559	8,209046	8,216489	8,276404	8,302382	8,316357	8,434598	8,539317	8,680428	8,798695	0,000000	0,000000	0,000000	0,000000	0,000000	0,000000	0,000000	0,000000	0,000000	0,000000	0,000000	0,000000	0,000000	0,000000	0,000000	0,000000
8,373986	0,216945	8,005855	8,036746	8,234377	8,248046	8,344335	8,352230	8,358225	8,366251	8,478915	8,520755	8,544248	8,580142	8,791689	0,000000	0,000000	0,000000	0,000000	0,000000	0,000000	0,000000	0,000000	0,000000	0,000000	0,000000	0,000000	0,000000	0,000000
8,324577	0,292154	7,986182	7,998531	8,009344	8,023747	8,043444	8,052429	8,114371	8,120527	8,128271	8,319915	8,364057	8,394160	8,554209	8,569206	8,575843	8,646703	8,697019	8,767894	8,801107	0,000000	0,000000	0,000000	0,000000	0,000000	0,000000	0,000000	0,000000
8,277569	0,338875	7,985933	7,998789	8,006691	8,014956	8,026451	8,048834	8,063599	8,146947	8,168979	8,327232	8,726178	8,748455	8,778222	8,844704	0,000000	0,000000	0,000000	0,000000	0,000000	0,000000	0,000000	0,000000	0,000000	0,000000	0,000000	0,000000	0,000000
8,525291	0,293136	7,999500	8,042291	8,292147	8,334269	8,376970	8,529435	8,657117	8,680875	8,695030	8,728484	8,735890	8,838739	8,918039	0,000000	0,000000	0,000000	0,000000	0,000000	0,000000	0,000000	0,000000	0,000000	0,000000	0,000000	0,000000	0,000000	0,000000
8,358413	0,229891	7,988816	8,001205	8,144629	8,156240	8,268495	8,353605	8,360219	8,368133	8,449936	8,489895	8,503931	8,552154	8,581990	8,798532	0,000000	0,000000	0,000000	0,000000	0,000000	0,000000	0,000000	0,000000	0,000000	0,000000	0,000000	0,000000	0,000000
8,223813	0,203322	7,987299	8,007846	8,021321	8,049032	8,113172	8,122199	8,143356	8,152513	8,180291	8,212823	8,222844	8,244611	8,377773	8,561041	8,582804	8,602090	0,000000	0,000000	0,000000	0,000000	0,000000	0,000000	0,000000	0,000000	0,000000	0,000000	0,000000
8,383335	0,280792	8,012152	8,027003	8,114526	8,128808	8,136273	8,190282	8,204017	8,212540	8,251156	8,337098	8,347328	8,485690	8,507301	8,514940	8,542612	8,723630	8,827327	8,847486	8,873192	0,000000	0,000000	0,000000	0,000000	0,000000	0,000000	0,000000	0,000000
8,361038	0,337135	7,993599	8,021745	8,064091	8,158430	8,248046	8,305748	8,364614	8,797470	8,811490	8,845149	0,000000	0,000000	0,000000	0,000000	0,000000	0,000000	0,000000	0,000000	0,000000	0,000000	0,000000	0,000000	0,000000	0,000000	0,000000	0,000000	0,000000
8,322609	0,239536	7,998781	8,009964	8,023388	8,046389	8,069618	8,104385	8,108733	8,139695	8,162524	8,190394	8,212201	8,249530	8,291190	8,335321	8,384692	8,440461	8,468502	8,480889	8,498779	8,574002	8,580784	8,590005	8,625127	8,640682	8,839185	0,000000	0,000000
8,290929	0,243269	7,972780	7,986216	7,998723	8,015891	8,021595	8,186123	8,368823	8,440219	8,469917	8,492288	8,504499	8,532696	8,538215	8,545016	0,000000	0,000000	0,000000	0,000000	0,000000	0,000000	0,000000	0,000000	0,000000	0,000000	0,000000	0,000000	0,000000
8,275319	0,223871	7,982507	7,995613	8,007088	8,023629	8,063940	8,072216	8,086031	8,166142	8,192734	8,204305	8,251352	8,325172	8,340876	8,357424	8,385542	8,428109	8,480939	8,513887	8,552368	8,601557	8,750270	0,000000	0,000000	0,000000	0,000000	0,000000	0,000000
8,337404	0,308460	7,993788	8,005213	8,027893	8,034094	8,219174	8,274177	8,465248	8,566703	8,580473	8,698405	8,846281	0,000000	0,000000	0,000000	0,000000	0,000000	0,000000	0,000000	0,000000	0,000000	0,000000	0,000000	0,000000	0,000000	0,000000	0,000000	0,000000
8,404711	0,248074	7,989606	7,998291	8,028027	8,224581	8,317806	8,327863	8,372827	8,383393	8,396611	8,411417	8,452557	8,492391	8,617371	8,639121	8,686699	8,762687	8,778839	0,000000	0,000000	0,000000	0,000000	0,000000	0,000000	0,000000	0,000000	0,000000	0,000000
8,342720	0,279284	8,000589	8,009243	8,022713	8,076758	8,093287	8,243436	8,261271	8,268374	8,282805	8,289535	8,302937	8,385240	8,577016	8,662035	8,716284	8,764589	8,870135	0,000000	0,000000	0,000000	0,000000	0,000000	0,000000	0,000000	0,000000	0,000000	0,000000
8,305995	0,279031	7,972190	8,020057	8,030571	8,063913	8,072234	8,090023	8,112121	8,147188	8,209530	8,485985	8,523512	8,533812	8,546037	8,586327	8,715313	8,787103	0,000000	0,000000	0,000000	0,000000	0,000000	0,000000	0,000000	0,000000	0,000000	0,000000	0,000000
8,294112	0,290089	7,978192	7,990483	8,042722	8,056925	8,081942	8,112092	8,248900	8,305518	8,327843	8,523470	8,591934	8,774892	8,788538	0,000000	0,000000	0,000000	0,000000	0,000000	0,000000	0,000000	0,000000	0,000000	0,000000	0,000000	0,000000	0,000000	0,000000
8,225045	0,210626	7,996233	8,011405	8,017867	8,025997	8,093681	8,105781	8,123091	8,135324	8,178524	8,209726	8,295965	8,320793	8,402312	8,455394	8,490137	8,738492	0,000000	0,000000	0,000000	0,000000	0,000000	0,000000	0,000000	0,000000	0,000000	0,000000	0,000000
