8,334502	0,260123	7,995146	8,001743	8,009446	8,017407	8,052740	8,067816	8,175800	8,189495	8,196635	8,209313	8,225096	8,249747	8,257635	8,264487	8,270715	8,329486	8,363423	8,479647	8,504062	8,519460	8,649524	8,669764	8,704405	8,713411	8,762108	8,818539
8,220526	0,173850	8,005108	8,037235	8,098147	8,157750	8,192185	8,215352	8,334067	8,439092	8,505797	0,000000	0,000000	0,000000	0,000000	0,000000	0,000000	0,000000	0,000000	0,000000	0,000000	0,000000	0,000000	0,000000	0,000000	0,000000	0,000000	0,000000
8,468540	0,241709	7,990362	8,167855	8,225694	8,261006	8,337584	8,375505	8,398893	8,432707	8,498456	8,534450	8,567533	8,614702	8,674745	8,760149	8,818376	8,838619	0,000000	0,000000	0,000000	0,000000	0,000000	0,000000	0,000000	0,000000	0,000000	0,000000
8,291727	0,215265	7,998197	8,011996	8,069523	8,092828	8,136492	8,162510	8,167825	8,196236	8,271489	8,337127	8,361897	8,408251	8,424904	8,442934	8,512930	8,620845	8,743383	0,000000	0,000000	0,000000	0,000000	0,000000	0,000000	0,000000	0,000000	0,000000
8,317124	0,254451	8,021575	8,035561	8,043806	8,074299	8,082105	8,086877	8,130035	8,208509	8,221866	8,230358	8,271110	8,361558	8,378894	8,385137	8,451285	8,464408	8,608960	8,631551	8,800736	8,853853	0,000000	0,000000	0,000000	0,000000	0,000000	0,000000
8,427258	0,293303	8,109925	8,117999	8,131784	8,195554	8,330657	8,385838	8,706132	8,720427	8,747612	8,826652	0,000000	0,000000	0,000000	0,000000	0,000000	0,000000	0,000000	0,000000	0,000000	0,000000	0,000000	0,000000	0,000000	0,000000	0,000000	0,000000
8,321066	0,244312	7,992445	8,008098	8,139050	8,147943	8,162487	8,175336	8,182665	8,196716	8,207750	8,220505	8,253737	8,268832	8,280505	8,315019	8,424722	8,492784	8,644832	8,732202	8,754115	8,821587	0,000000	0,000000	0,000000	0,000000	0,000000	0,000000
8,514832	0,263936	7,985228	8,008096	8,401310	8,551962	8,572527	8,576638	8,584295	8,628565	8,657834	8,671741	8,684284	8,855510	0,000000	0,000000	0,000000	0,000000	0,000000	0,000000	0,000000	0,000000	0,000000	0,000000	0,000000	0,000000	0,000000	0,000000
8,297218	0,297541	7,983297	8,009755	8,023575	8,043222	8,059529	8,081559	8,089103	8,102492	8,154052	8,179542	8,242039	8,286626	8,474168	8,630127	8,667243	8,765235	8,775133	8,783227	0,000000	0,000000	0,000000	0,000000	0,000000	0,000000	0,000000	0,000000
8,338403	0,272843	8,004289	8,022935	8,057858	8,121214	8,267942	8,322630	8,400833	8,436083	8,664436	8,672467	8,751747	0,000000	0,000000	0,000000	0,000000	0,000000	0,000000	0,000000	0,000000	0,000000	0,000000	0,000000	0,000000	0,000000	0,000000	0,000000
8,387306	0,263951	7,990603	8,000786	8,046782	8,123014	8,141931	8,184370	8,297252	8,309558	8,346619	8,439759	8,501032	8,519372	8,566164	8,623267	8,670330	8,676563	8,738585	8,795528	0,000000	0,000000	0,000000	0,000000	0,000000	0,000000	0,000000	0,000000
8,499938	0,220874	8,125427	8,205600	8,273168	8,282609	8,295463	8,304024	8,311104	8,346035	8,374921	8,428766	8,451228	8,458189	8,557400	8,623603	8,649684	8,658734	8,711818	8,721816	8,775013	8,785221	8,822945	8,835867	0,000000	0,000000	0,000000	0,000000
8,392593	0,248014	8,056827	8,279595	8,354838	8,616370	8,655336	0,000000	0,000000	0,000000	0,000000	0,000000	0,000000	0,000000	0,000000	0,000000	0,000000	0,000000	0,000000	0,000000	0,000000	0,000000	0,000000	0,000000	0,000000	0,000000	0,000000	0,000000
8,324274	0,300978	7,981440	8,001286	8,046485	8,113772	8,142873	8,156173	8,172489	8,203404	8,228780	8,635485	8,643823	8,657488	8,731565	8,824766	0,000000	0,000000	0,000000	0,000000	0,000000	0,000000	0,000000	0,000000	0,000000	0,000000	0,000000	0,000000
8,323642	0,324909	8,010464	8,053440	8,137519	8,307974	8,633745	8,798709	0,000000	0,000000	0,000000	0,000000	0,000000	0,000000	0,000000	0,000000	0,000000	0,000000	0,000000	0,000000	0,000000	0,000000	0,000000	0,000000	0,000000	0,000000	0,000000	0,000000
8,373955	0,267379	8,014634	8,028520	8,036665	8,281699	8,288444	8,298215	8,404036	8,440543	8,552589	8,607240	8,741834	8,793048	0,000000	0,000000	0,000000	0,000000	0,000000	0,000000	0,000000	0,000000	0,000000	0,000000	0,000000	0,000000	0,000000	0,000000
8,563231	0,230731	8,120764	8,348012	8,361383	8,384152	8,571510	8,626601	8,648952	8,691424	8,799223	8,811014	8,832501	0,000000	0,000000	0,000000	0,000000	0,000000	0,000000	0,000000	0,000000	0,000000	0,000000	0,000000	0,000000	0,000000	0,000000	0,000000
8,473395	0,260381	8,086016	8,176006	8,197648	8,212942	8,233904	8,353894	8,538155	8,574255	8,589933	8,596486	8,610458	8,776308	8,797121	8,884399	0,000000	0,000000	0,000000	0,000000	0,000000	0,000000	0,000000	0,000000	0,000000	0,000000	0,000000	0,000000
8,474424	0,302371	8,003647	8,017492	8,025601	8,301827	8,310405	8,323442	8,335598	8,371619	8,384875	8,500317	8,650858	8,735814	8,751467	8,764701	8,841959	8,869426	8,876166	0,000000	0,000000	0,000000	0,000000	0,000000	0,000000	0,000000	0,000000	0,000000
8,307945	0,251781	7,994803	8,011267	8,024923	8,045074	8,081688	8,286089	8,354184	8,380208	8,415640	8,527945	8,605471	8,633964	8,642024	0,000000	0,000000	0,000000	0,000000	0,000000	0,000000	0,000000	0,000000	0,000000	0,000000	0,000000	0,000000	0,000000
8,305363	0,310864	7,982654	7,990956	7,996539	8,004688	8,021493	8,095443	8,233985	8,420577	8,451925	8,636798	8,692344	8,698918	8,743405	0,000000	0,000000	0,000000	0,000000	0,000000	0,000000	0,000000	0,000000	0,000000	0,000000	0,000000	0,000000	0,000000
8,401474	0,217543	7,985468	8,123447	8,248704	8,361628	8,371303	8,439193	8,465064	8,479428	8,602002	8,646543	8,693430	0,000000	0,000000	0,000000	0,000000	0,000000	0,000000	0,000000	0,000000	0,000000	0,000000	0,000000	0,000000	0,000000	0,000000	0,000000
8,297713	0,279391	7,976433	7,982791	7,989788	8,006656	8,025717	8,079714	8,111287	8,124105	8,183869	8,285240	8,306639	8,318618	8,334948	8,362907	8,389784	8,463050	8,604028	8,790688	8,805521	8,812485	0,000000	0,000000	0,000000	0,000000	0,000000	0,000000
8,282054	0,260063	7,991000	7,997372	8,005341	8,027270	8,041368	8,122205	8,154695	8,170938	8,216691	8,280209	8,301574	8,340018	8,346643	8,353909	8,494262	8,642008	8,722298	8,869165	0,000000	0,000000	0,000000	0,000000	0,000000	0,000000	0,000000	0,000000
8,292371	0,233837	8,059532	8,069163	8,097815	8,105303	8,136943	8,203251	8,247120	8,358700	8,401217	8,447375	8,563859	8,818174	0,000000	0,000000	0,000000	0,000000	0,000000	0,000000	0,000000	0,000000	0,000000	0,000000	0,000000	0,000000	0,000000	0,000000
8,177133	0,211207	7,981865	7,998711	8,003392	8,017668	8,026635	8,101142	8,186016	8,261867	8,277535	8,520234	8,573394	0,000000	0,000000	0,000000	0,000000	0,000000	0,000000	0,000000	0,000000	0,000000	0,000000	0,000000	0,000000	0,000000	0,000000	0,000000
8,348568	0,258248	7,975450	7,998058	8,013562	8,139800	8,149807	8,174316	8,183150	8,246871	8,297208	8,434208	8,489817	8,561242	8,611320	8,633088	8,652557	8,661438	8,703771	0,000000	0,000000	0,000000	0,000000	0,000000	0,000000	0,000000	0,000000	0,000000
8,334359	0,304983	7,982489	8,015688	8,022198	8,029447	8,099743	8,152619	8,194326	8,250190	8,328685	8,401220	8,523533	8,617357	8,771957	8,784194	8,841739	0,000000	0,000000	0,000000	0,000000	0,000000	0,000000	0,000000	0,000000	0,000000	0,000000	0,000000
8,387965	0,308344	7,990718	8,012884	8,032708	8,040332	8,081463	8,102333	8,186114	8,197899	8,275054	8,368897	8,391034	8,552944	8,623222	8,672503	8,699668	8,728228	8,778433	8,799358	8,837551	0,000000	0,000000	0,000000	0,000000	0,000000	0,000000	0,000000
8,394285	0,294941	7,985849	7,992585	8,027065	8,040926	8,048801	8,194487	8,223876	8,273548	8,368666	8,553627	8,566973	8,585074	8,623610	8,689556	8,694934	8,708768	8,752383	8,766411	0,000000	0,000000	0,000000	0,000000	0,000000	0,000000	0,000000	0,000000
8,308963	0,233318	8,069252	8,101703	8,173397	8,187047	8,196060	8,203266	8,220461	8,251240	8,301958	8,341118	8,374256	8,791338	8,805423	0,000000	0,000000	0,000000	0,000000	0,000000	0,000000	0,000000	0,000000	0,000000	0,000000	0,000000	0,000000	0,000000
8,341021	0,343014	7,983508	7,991221	7,998167	8,005221	8,013117	8,025554	8,043934	8,076687	8,117316	8,198395	8,271245	8,406158	8,451846	8,538220	8,605246	8,633888	8,834831	8,844792	8,858707	8,922374	0,000000	0,000000	0,000000	0,000000	0,000000	0,000000
8,341264	0,239389	7,996025	8,003027	8,008977	8,068522	8,099085	8,122294	8,144812	8,206004	8,241893	8,262958	8,348023	8,391784	8,414110	8,423115	8,437339	8,517954	8,547707	8,569715	8,604509	8,685350	8,703391	8,711218	0,000000	0,000000	0,000000	0,000000
8,484018	0,225966	8,062503	8,160202	8,226137	8,287809	8,301585	8,450080	8,525604	8,548109	8,585185	8,609542	8,643588	8,650412	8,658791	8,713733	8,836990	0,000000	0,000000	0,000000	0,000000	0,000000	0,000000	0,000000	0,000000	0,000000	0,000000	0,000000
8,461639	0,219048	8,087126	8,112741	8,256028	8,296982	8,363780	8,379151	8,410736	8,425403	8,436421	8,458267	8,555812	8,650637	8,674887	8,682165	8,763492	8,832596	0,000000	0,000000	0,000000	0,000000	0,000000	0,000000	0,000000	0,000000	0,000000	0,000000
8,168366	0,156923	7,978592	7,991355	8,024172	8,071045	8,077198	8,084853	8,092325	8,154820	8,233090	8,304194	8,349020	8,396089	8,432005	0,000000	0,000000	0,000000	0,000000	0,000000	0,000000	0,000000	0,000000	0,000000	0,000000	0,000000	0,000000	0,000000
8,542166	0,273779	7,986463	8,395139	8,421184	8,588224	8,615906	8,714287	8,785258	8,830867	0,000000	0,000000	0,000000	0,000000	0,000000	0,000000	0,000000	0,000000	0,000000	0,000000	0,000000	0,000000	0,000000	0,000000	0,000000	0,000000	0,000000	0,000000
8,291103	0,217024	7,974758	7,994691	8,001663	8,031331	8,089423	8,119900	8,144113	8,207314	8,228511	8,248544	8,286586	8,333253	8,355792	8,369204	8,386081	8,458584	8,491553	8,507782	8,522263	8,631694	8,730120	0,000000	0,000000	0,000000	0,000000	0,000000
8,292363	0,338724	7,985826	7,993498	8,003925	8,011388	8,016950	8,025002	8,051640	8,060417	8,126472	8,235544	8,491974	8,529019	8,701496	8,773817	8,814295	8,856541	0,000000	0,000000	0,000000	0,000000	0,000000	0,000000	0,000000	0,000000	0,000000	0,000000
8,287667	0,265320	7,981764	8,022290	8,030082	8,036121	8,047764	8,063979	8,105411	8,123455	8,183042	8,221612	8,232309	8,274461	8,298833	8,320082	8,390697	8,521606	8,589095	8,748561	8,760829	8,801354	0,000000	0,000000	0,000000	0,000000	0,000000	0,000000
8,376859	0,221241	8,018003	8,166045	8,212070	8,216304	8,230288	8,236635	8,347554	8,361397	8,377422	8,408216	8,418696	8,445218	8,641125	8,746516	8,827388	0,000000	0,000000	0,000000	0,000000	0,000000	0,000000	0,000000	0,000000	0,000000	0,000000	0,000000
8,380578	0,234635	7,986989	8,103544	8,126542	8,198140	8,227245	8,233836	8,240661	8,248535	8,321823	8,338793	8,368929	8,398614	8,429931	8,499102	8,540175	8,677984	8,714402	8,778902	8,796828	0,000000	0,000000	0,000000	0,000000	0,000000	0,000000	0,000000
8,350054	0,298905	7,983164	7,994891	8,003409	8,017107	8,178533	8,251046	8,265366	8,298589	8,491927	8,548362	8,590587	8,736829	8,759329	8,781624	0,000000	0,000000	0,000000	0,000000	0,000000	0,000000	0,000000	0,000000	0,000000	0,000000	0,000000	0,000000
8,377037	0,316621	7,978312	7,995684	8,001941	8,011256	8,063854	8,096283	8,103245	8,109997	8,118106	8,188046	8,525061	8,530929	8,538195	8,545942	8,637397	8,673396	8,689003	8,725057	8,776965	8,788631	8,820466	0,000000	0,000000	0,000000	0,000000	0,000000
8,363763	0,328011	7,972570	8,046614	8,231608	8,297005	8,413709	8,789083	8,795755	0,000000	0,000000	0,000000	0,000000	0,000000	0,000000	0,000000	0,000000	0,000000	0,000000	0,000000	0,000000	0,000000	0,000000	0,000000	0,000000	0,000000	0,000000	0,000000
8,410061	0,277233	7,975120	7,994828	8,008832	8,147865	8,260451	8,318757	8,498851	8,507598	8,521770	8,542395	8,547065	8,563262	8,690189	8,757314	8,816611	0,000000	0,000000	0,000000	0,000000	0,000000	0,000000	0,000000	0,000000	0,000000	0,000000	0,000000
8,389519	0,263588	8,002597	8,038130	8,071050	8,178337	8,260392	8,278272	8,293658	8,374088	8,446529	8,460525	8,515574	8,596601	8,757290	8,778154	8,791590	0,000000	0,000000	0,000000	0,000000	0,000000	0,000000	0,000000	0,000000	0,000000	0,000000	0,000000
8,361076	0,260451	8,036099	8,069296	8,081603	8,166947	8,172586	8,179631	8,187193	8,228681	8,310441	8,343159	8,526728	8,651653	8,667566	8,688357	8,707549	8,759724	0,000000	0,000000	0,000000	0,000000	0,000000	0,000000	0,000000	0,000000	0,000000	0,000000
8,294682	0,301745	7,988631	7,995987	8,001690	8,043155	8,074206	8,143822	8,190150	8,295816	8,310663	8,316694	8,376799	8,724876	8,817355	8,845699	0,000000	0,000000	0,000000	0,000000	0,000000	0,000000	0,000000	0,000000	0,000000	0,000000	0,000000	0,000000
8,442195	0,291654	7,973310	8,033307	8,181261	8,227216	8,308888	8,359985	8,382824	8,572119	8,620805	8,708618	8,771189	8,784443	8,824567	0,000000	0,000000	0,000000	0,000000	0,000000	0,000000	0,000000	0,000000	0,000000	0,000000	0,000000	0,000000	0,000000
8,335256	0,305578	7,967547	7,976338	7,982396	7,990501	8,082903	8,104699	8,212269	8,261145	8,275045	8,340631	8,400911	8,502603	8,526963	8,642611	8,767523	8,818714	8,846548	0,000000	0,000000	0,000000	0,000000	0,000000	0,000000	0,000000	0,000000	0,000000
8,538285	0,233503	8,012710	8,067196	8,254413	8,468326	8,492510	8,508413	8,521553	8,564363	8,595507	8,612084	8,619722	8,634004	8,672622	8,755346	8,760976	8,768987	8,842107	0,000000	0,000000	0,000000	0,000000	0,000000	0,000000	0,000000	0,000000	0,000000
8,219111	0,231579	7,981357	7,999396	8,025194	8,064448	8,078304	8,134265	8,390246	8,417155	8,524591	8,576156	0,000000	0,000000	0,000000	0,000000	0,000000	0,000000	0,000000	0,000000	0,000000	0,000000	0,000000	0,000000	0,000000	0,000000	0,000000	0,000000
8,330507	0,323464	7,976803	7,991224	8,014132	8,029404	8,045214	8,052299	8,062488	8,096837	8,151893	8,286592	8,461253	8,468052	8,475175	8,681094	8,733426	8,763038	8,820574	8,839636	0,000000	0,000000	0,000000	0,000000	0,000000	0,000000	0,000000	0,000000
8,366035	0,214032	7,981737	8,169052	8,205508	8,265543	8,325596	8,361848	8,392786	8,437128	8,554725	8,587232	8,745230	0,000000	0,000000	0,000000	0,000000	0,000000	0,000000	0,000000	0,000000	0,000000	0,000000	0,000000	0,000000	0,000000	0,000000	0,000000
8,481800	0,321419	7,973921	7,986310	8,070015	8,116602	8,274336	8,303984	8,488439	8,517457	8,575412	8,591709	8,691438	8,738742	8,767997	8,851875	8,875753	8,884803	0,000000	0,000000	0,000000	0,000000	0,000000	0,000000	0,000000	0,000000	0,000000	0,000000
8,505462	0,292057	8,054704	8,082539	8,289009	8,387919	8,454498	8,699811	8,750173	8,757000	8,782352	8,796611	0,000000	0,000000	0,000000	0,000000	0,000000	0,000000	0,000000	0,000000	0,000000	0,000000	0,000000	0,000000	0,000000	0,000000	0,000000	0,000000
8,393515	0,362285	7,979029	7,990442	8,004988	8,010570	8,032292	8,148656	8,178339	8,199358	8,353677	8,593583	8,697451	8,758400	8,766711	8,847330	8,853907	8,881507	0,000000	0,000000	0,000000	0,000000	0,000000	0,000000	0,000000	0,000000	0,000000	0,000000
8,247784	0,334958	7,985822	7,995502	8,087584	8,102019	8,112671	8,139849	8,146465	8,822756	8,837385	0,000000	0,000000	0,000000	0,000000	0,000000	0,000000	0,000000	0,000000	0,000000	0,000000	0,000000	0,000000	0,000000	0,000000	0,000000	0,000000	0,000000
8,487012	0,279412	7,983714	8,065846	8,197787	8,247669	8,318739	8,402897	8,434572	8,551585	8,609402	8,622384	8,645112	8,755477	8,770344	8,799120	8,900532	0,000000	0,000000	0,000000	0,000000	0,000000	0,000000	0,000000	0,000000	0,000000	0,000000	0,000000
8,376951	0,269671	8,010020	8,039802	8,055745	8,170744	8,181653	8,191029	8,222155	8,234287	8,311819	8,326072	8,429473	8,435808	8,477526	8,494425	8,521349	8,561089	8,634795	8,824218	9,040064	0,000000	0,000000	0,000000	0,000000	0,000000	0,000000	0,000000
8,389019	0,318455	7,994234	8,008834	8,015719	8,035540	8,236320	8,392660	8,514815	8,559044	8,620218	8,717834	8,735361	8,837648	0,000000	0,000000	0,000000	0,000000	0,000000	0,000000	0,000000	0,000000	0,000000	0,000000	0,000000	0,000000	0,000000	0,000000
8,433780	0,321230	7,967124	7,977549	8,009003	8,054228	8,076659	8,277558	8,324455	8,369944	8,466838	8,600295	8,723963	8,731143	8,737204	8,745409	8,752233	8,765931	8,794716	0,000000	0,000000	0,000000	0,000000	0,000000	0,000000	0,000000	0,000000	0,000000
8,230472	0,213163	7,986170	8,016470	8,023250	8,031726	8,046194	8,221527	8,240104	8,294984	8,349966	8,437523	8,539324	8,578421	0,000000	0,000000	0,000000	0,000000	0,000000	0,000000	0,000000	0,000000	0,000000	0,000000	0,000000	0,000000	0,000000	0,000000
8,349791	0,234473	8,007173	8,053390	8,095616	8,141716	8,196147	8,248313	8,283974	8,303449	8,324764	8,362052	8,448619	8,508972	8,524749	8,605177	8,634394	8,858144	0,000000	0,000000	0,000000	0,000000	0,000000	0,000000	0,000000	0,000000	0,000000	0,000000
8,239850	0,293027	7,988603	7,996167	8,002547	8,009245	8,018163	8,034294	8,071597	8,211223	8,224248	8,273064	8,307716	8,678241	8,755703	8,787091	0,000000	0,000000	0,000000	0,000000	0,000000	0,000000	0,000000	0,000000	0,000000	0,000000	0,000000	0,000000
8,461989	0,317372	8,036080	8,151527	8,167132	8,173219	8,204821	8,218802	8,277158	8,307012	8,317830	8,337242	8,425096	8,632583	8,652095	8,782295	8,809423	8,815996	8,858519	9,148975	0,000000	0,000000	0,000000	0,000000	0,000000	0,000000	0,000000	0,000000
8,395057	0,244899	8,015988	8,118702	8,179064	8,186724	8,200738	8,209013	8,223237	8,234293	8,252912	8,329522	8,400464	8,420993	8,475909	8,651296	8,677326	8,684787	8,691446	8,750962	8,802697	0,000000	0,000000	0,000000	0,000000	0,000000	0,000000	0,000000
8,266441	0,193820	7,975102	7,998990	8,010027	8,023762	8,085254	8,193340	8,312087	8,321609	8,335760	8,345747	8,354060	8,368136	8,375660	8,493949	8,500710	8,568860	0,000000	0,000000	0,000000	0,000000	0,000000	0,000000	0,000000	0,000000	0,000000	0,000000
8,331251	0,286081	7,985807	8,000131	8,007702	8,042998	8,078433	8,151087	8,305440	8,328826	8,375959	8,438206	8,450674	8,525570	8,653618	8,806193	8,818126	0,000000	0,000000	0,000000	0,000000	0,000000	0,000000	0,000000	0,000000	0,000000	0,000000	0,000000
8,280938	0,224634	8,002402	8,015211	8,058487	8,111829	8,201810	8,272044	8,349712	8,386824	8,464056	8,595344	8,632599	0,000000	0,000000	0,000000	0,000000	0,000000	0,000000	0,000000	0,000000	0,000000	0,000000	0,000000	0,000000	0,000000	0,000000	0,000000
8,265821	0,276339	7,968817	7,984013	7,996841	8,003819	8,015533	8,028818	8,058425	8,077233	8,089961	8,374959	8,389991	8,465650	8,541144	8,589212	8,603229	8,622938	8,708371	0,000000	0,000000	0,000000	0,000000	0,000000	0,000000	0,000000	0,000000	0,000000
8,385655	0,246644	7,998024	8,103884	8,110583	8,117483	8,172702	8,214213	8,295954	8,317427	8,401538	8,409226	8,465719	8,514255	8,614148	8,621532	8,635403	8,766920	8,797133	0,000000	0,000000	0,000000	0,000000	0,000000	0,000000	0,000000	0,000000	0,000000
8,275350	0,207084	8,038033	8,061994	8,076606	8,199321	8,244743	8,284056	8,308292	8,326793	8,522171	8,691487	0,000000	0,000000	0,000000	0,000000	0,000000	0,000000	0,000000	0,000000	0,000000	0,000000	0,000000	0,000000	0,000000	0,000000	0,000000	0,000000
8,289242	0,251757	8,021651	8,035744	8,063880	8,078644	8,085020	8,114869	8,128491	8,143348	8,164431	8,255500	8,271206	8,336463	8,544756	8,626297	8,654744	8,672158	8,719917	0,000000	0,000000	0,000000	0,000000	0,000000	0,000000	0,000000	0,000000	0,000000
8,382401	0,256265	7,981684	7,996297	8,002515	8,021219	8,038725	8,093828	8,106641	8,317272	8,327261	8,342848	8,408548	8,421410	8,463564	8,467538	8,497397	8,506633	8,534210	8,609425	8,619792	8,631624	8,658693	8,683060	8,689975	8,757470	0,000000	0,000000
8,477367	0,327084	8,045488	8,069445	8,101767	8,172013	8,231848	8,256823	8,375978	8,626774	8,659938	8,747828	8,808229	8,836847	8,859216	8,890944	0,000000	0,000000	0,000000	0,000000	0,000000	0,000000	0,000000	0,000000	0,000000	0,000000	0,000000	0,000000
8,355409	0,269686	7,980042	7,991351	8,009152	8,074314	8,113505	8,127343	8,152552	8,160169	8,220637	8,235717	8,250115	8,275017	8,287496	8,371485	8,385898	8,421287	8,544837	8,591640	8,603754	8,636592	8,694696	8,735411	8,805352	8,861455	0,000000	0,000000
8,394952	0,256873	7,991748	8,057901	8,112463	8,138949	8,258118	8,270315	8,279934	8,293296	8,328435	8,565593	8,597409	8,611885	8,646402	8,688868	8,703369	8,774548	0,000000	0,000000	0,000000	0,000000	0,000000	0,000000	0,000000	0,000000	0,000000	0,000000
8,485329	0,241537	8,044035	8,058867	8,203734	8,293771	8,308944	8,348094	8,390964	8,396760	8,407144	8,420317	8,481608	8,495539	8,510718	8,531340	8,554776	8,712531	8,727188	8,734664	8,814068	8,872440	8,884397	0,000000	0,000000	0,000000	0,000000	0,000000
8,371929	0,264143	7,995196	8,000023	8,015619	8,038257	8,064640	8,102603	8,288369	8,373770	8,399284	8,410182	8,463845	8,489520	8,504958	8,561547	8,577581	8,598065	8,642822	8,745405	8,794967	0,000000	0,000000	0,000000	0,000000	0,000000	0,000000	0,000000
8,456209	0,347297	8,043629	8,061767	8,085775	8,133776	8,463341	8,538010	8,722227	8,795768	8,832287	8,885515	0,000000	0,000000	0,000000	0,000000	0,000000	0,000000	0,000000	0,000000	0,000000	0,000000	0,000000	0,000000	0,000000	0,000000	0,000000	0,000000
8,431661	0,310872	8,031700	8,112483	8,118218	8,165315	8,218047	8,331174	8,418826	8,576244	8,754433	8,769097	8,835014	8,849383	0,000000	0,000000	0,000000	0,000000	0,000000	0,000000	0,000000	0,000000	0,000000	0,000000	0,000000	0,000000	0,000000	0,000000
8,409522	0,321591	7,984814	7,993009	8,005000	8,018340	8,073368	8,096144	8,276337	8,313259	8,326426	8,556490	8,570791	8,599693	8,650729	8,714700	8,750652	8,799210	8,810850	8,831590	0,000000	0,000000	0,000000	0,000000	0,000000	0,000000	0,000000	0,000000
8,215685	0,270680	7,969405	7,989949	7,998548	8,005660	8,012951	8,057657	8,066308	8,079868	8,123028	8,141139	8,156609	8,163013	8,218258	8,232040	8,401606	8,704620	8,743702	8,817965	0,000000	0,000000	0,000000	0,000000	0,000000	0,000000	0,000000	0,000000
8,330570	0,192447	8,014040	8,216814	8,228202	8,237711	8,260750	8,294816	8,347548	8,445972	8,597440	8,662400	0,000000	0,000000	0,000000	0,000000	0,000000	0,000000	0,000000	0,000000	0,000000	0,000000	0,000000	0,000000	0,000000	0,000000	0,000000	0,000000
8,358729	0,298015	7,994453	8,007164	8,027892	8,033233	8,038732	8,044198	8,066915	8,123361	8,182365	8,221572	8,252985	8,392088	8,422741	8,475019	8,579872	8,638700	8,668750	8,701962	8,724223	8,740332	8,770455	8,785026	0,000000	0,000000	0,000000	0,000000
8,325728	0,241837	7,980402	7,998638	8,013038	8,020262	8,027564	8,041571	8,074531	8,148527	8,165534	8,184782	8,278738	8,328690	8,348838	8,363244	8,382166	8,410486	8,444593	8,468855	8,490526	8,506998	8,523179	8,545955	8,573534	8,628640	8,694836	8,824808
8,309738	0,274676	7,984626	8,000542	8,214823	8,255858	8,302909	8,336483	8,584264	8,798399	0,000000	0,000000	0,000000	0,000000	0,000000	0,000000	0,000000	0,000000	0,000000	0,000000	0,000000	0,000000	0,000000	0,000000	0,000000	0,000000	0,000000	0,000000
8,230586	0,258561	7,973059	7,986503	7,991265	7,997983	8,008533	8,020613	8,039137	8,045532	8,211511	8,275618	8,336092	8,433733	8,477543	8,592556	8,611901	8,687793	0,000000	0,000000	0,000000	0,000000	0,000000	0,000000	0,000000	0,000000	0,000000	0,000000
8,287962	0,281526	7,969814	7,984370	8,004484	8,015288	8,028285	8,055590	8,086973	8,122786	8,138588	8,227198	8,282984	8,314006	8,336026	8,486172	8,558587	8,608156	8,720047	8,736992	8,794939	0,000000	0,000000	0,000000	0,000000	0,000000	0,000000	0,000000
8,418559	0,312378	7,977801	8,000493	8,014436	8,023039	8,227384	8,264935	8,306057	8,538911	8,607154	8,647977	8,684453	8,724442	8,739143	8,752362	8,769802	0,000000	0,000000	0,000000	0,000000	0,000000	0,000000	0,000000	0,000000	0,000000	0,000000	0,000000
8,401294	0,267700	8,013917	8,036334	8,190169	8,205297	8,212086	8,372657	8,536700	8,552871	8,566791	8,591822	8,694856	8,842032	0,000000	0,000000	0,000000	0,000000	0,000000	0,000000	0,000000	0,000000	0,000000	0,000000	0,000000	0,000000	0,000000	0,000000
8,391262	0,394814	7,984811	8,007608	8,110633	8,140497	8,238098	8,513108	8,639826	8,739409	9,147371	0,000000	0,000000	0,000000	0,000000	0,000000	0,000000	0,000000	0,000000	0,000000	0,000000	0,000000	0,000000	0,000000	0,000000	0,000000	0,000000	0,000000
8,382736	0,263959	8,008663	8,092157	8,107245	8,189932	8,228561	8,370907	8,384788	8,439560	8,639831	8,650888	8,675558	8,804742	0,000000	0,000000	0,000000	0,000000	0,000000	0,000000	0,000000	0,000000	0,000000	0,000000	0,000000	0,000000	0,000000	0,000000
8,436802	0,265583	7,989808	8,005146	8,011885	8,038847	8,066722	8,188794	8,409805	8,417553	8,453717	8,468894	8,501576	8,513403	8,524123	8,561296	8,568585	8,602607	8,660310	8,682123	8,690090	8,706892	8,735329	8,812136	0,000000	0,000000	0,000000	0,000000
8,303694	0,263645	7,997699	8,049493	8,056493	8,063157	8,071232	8,182946	8,197389	8,345104	8,416627	8,597091	8,625820	8,654623	8,690347	0,000000	0,000000	0,000000	0,000000	0,000000	0,000000	0,000000	0,000000	0,000000	0,000000	0,000000	0,000000	0,000000
8,261680	0,268010	7,984854	7,991894	8,000974	8,015064	8,021930	8,067737	8,081879	8,090321	8,112977	8,241404	8,256749	8,274591	8,281468	8,345650	8,459519	8,532317	8,588596	8,774362	8,849625	0,000000	0,000000	0,000000	0,000000	0,000000	0,000000	0,000000
8,375500	0,274630	7,973207	7,981884	8,092251	8,106203	8,334342	8,361424	8,404568	8,426606	8,482364	8,512523	8,652319	8,753346	8,800461	0,000000	0,000000	0,000000	0,000000	0,000000	0,000000	0,000000	0,000000	0,000000	0,000000	0,000000	0,000000	0,000000
8,535000	0,211963	8,029100	8,330941	8,364705	8,384639	8,458106	8,473337	8,491339	8,525157	8,553658	8,618728	8,706009	8,712850	8,766165	8,789700	8,820568	0,000000	0,000000	0,000000	0,000000	0,000000	0,000000	0,000000	0,000000	0,000000	0,000000	0,000000
8,382465	0,245176	8,061460	8,106858	8,176891	8,191203	8,205151	8,221918	8,353672	8,367756	8,389470	8,400392	8,646643	8,708345	8,749823	8,774933	0,000000	0,000000	0,000000	0,000000	0,000000	0,000000	0,000000	0,000000	0,000000	0,000000	0,000000	0,000000
8,447860	0,251753	7,992993	8,159252	8,206375	8,393304	8,416987	8,436130	8,562820	8,593007	8,602428	8,769435	8,793731	0,000000	0,000000	0,000000	0,000000	0,000000	0,000000	0,000000	0,000000	0,000000	0,000000	0,000000	0,000000	0,000000	0,000000	0,000000
8,376243	0,296229	7,977262	7,985258	7,991208	7,999103	8,028454	8,036427	8,115983	8,141982	8,200713	8,234129	8,271710	8,307561	8,316826	8,471516	8,492471	8,552921	8,588093	8,601745	8,609186	8,636935	8,680164	8,706487	8,744058	8,828664	8,887230	0,000000
8,398888	0,277030	7,988604	8,020149	8,052639	8,084502	8,259602	8,273251	8,280681	8,320828	8,368852	8,402812	8,409520	8,673942	8,680215	8,687141	8,710489	8,714503	8,853361	0,000000	0,000000	0,000000	0,000000	0,000000	0,000000	0,000000	0,000000	0,000000
8,522692	0,211393	8,105486	8,114271	8,387778	8,405171	8,412120	8,418785	8,427135	8,441964	8,589728	8,599306	8,606318	8,637139	8,682708	8,688336	8,752318	8,765460	8,851750	0,000000	0,000000	0,000000	0,000000	0,000000	0,000000	0,000000	0,000000	0,000000
8,313203	0,268412	8,003556	8,008986	8,021273	8,042335	8,063287	8,143790	8,150596	8,196441	8,248007	8,261425	8,272544	8,307827	8,330353	8,438228	8,535445	8,584112	8,688720	8,792969	8,860963	0,000000	0,000000	0,000000	0,000000	0,000000	0,000000	0,000000
8,331439	0,379999	7,987718	7,994539	8,147454	8,192253	8,262873	8,837228	8,898008	0,000000	0,000000	0,000000	0,000000	0,000000	0,000000	0,000000	0,000000	0,000000	0,000000	0,000000	0,000000	0,000000	0,000000	0,000000	0,000000	0,000000	0,000000	0,000000
8,306434	0,216568	7,990129	8,034647	8,183490	8,231836	8,263536	8,354872	8,364597	8,404316	8,530010	8,706909	0,000000	0,000000	0,000000	0,000000	0,000000	0,000000	0,000000	0,000000	0,000000	0,000000	0,000000	0,000000	0,000000	0,000000	0,000000	0,000000
8,350313	0,232822	7,997635	8,020718	8,152758	8,170746	8,176015	8,183919	8,192085	8,211118	8,227116	8,246586	8,299507	8,364832	8,440402	8,502949	8,532048	8,546571	8,573509	8,591513	8,780279	8,795958	0,000000	0,000000	0,000000	0,000000	0,000000	0,000000
8,194438	0,237888	7,999357	8,010803	8,023292	8,045087	8,094048	8,125240	8,133635	8,175925	8,231003	8,591791	8,708638	0,000000	0,000000	0,000000	0,000000	0,000000	0,000000	0,000000	0,000000	0,000000	0,000000	0,000000	0,000000	0,000000	0,000000	0,000000
8,486629	0,269252	8,221013	8,300134	8,642135	8,783234	0,000000	0,000000	0,000000	0,000000	0,000000	0,000000	0,000000	0,000000	0,000000	0,000000	0,000000	0,000000	0,000000	0,000000	0,000000	0,000000	0,000000	0,000000	0,000000	0,000000	0,000000	0,000000
8,323626	0,261448	8,020732	8,034764	8,078160	8,110184	8,140668	8,285758	8,393143	8,598141	8,612146	8,636419	8,649770	0,000000	0,000000	0,000000	0,000000	0,000000	0,000000	0,000000	0,000000	0,000000	0,000000	0,000000	0,000000	0,000000	0,000000	0,000000
8,320561	0,178992	8,007735	8,171524	8,185261	8,193400	8,292346	8,313801	8,328587	8,336035	8,363453	8,427440	8,536934	8,690219	0,000000	0,000000	0,000000	0,000000	0,000000	0,000000	0,000000	0,000000	0,000000	0,000000	0,000000	0,000000	0,000000	0,000000
8,212671	0,242035	7,977650	7,988706	7,997835	8,012251	8,019133	8,027659	8,035023	8,038660	8,055990	8,060487	8,213449	8,353520	8,375189	8,389966	8,464903	8,512002	8,605195	8,700463	0,000000	0,000000	0,000000	0,000000	0,000000	0,000000	0,000000	0,000000
8,409375	0,413832	7,973838	7,983415	7,989821	7,996951	8,004974	8,011841	8,101095	8,169629	8,316618	8,541863	8,583718	8,681603	8,792571	8,837906	8,866194	8,897595	9,209742	0,000000	0,000000	0,000000	0,000000	0,000000	0,000000	0,000000	0,000000	0,000000
8,401359	0,292226	7,982368	8,104010	8,186193	8,216071	8,247038	8,258139	8,396666	8,416795	8,587229	8,690221	8,845847	8,885729	0,000000	0,000000	0,000000	0,000000	0,000000	0,000000	0,000000	0,000000	0,000000	0,000000	0,000000	0,000000	0,000000	0,000000
8,293566	0,255048	7,991456	8,004123	8,025178	8,081010	8,092559	8,340534	8,433910	8,545260	8,559066	8,567811	8,588315	0,000000	0,000000	0,000000	0,000000	0,000000	0,000000	0,000000	0,000000	0,000000	0,000000	0,000000	0,000000	0,000000	0,000000	0,000000
8,367228	0,277440	7,989669	7,997839	8,003628	8,012119	8,021373	8,037247	8,063221	8,295446	8,303663	8,376474	8,401009	8,437937	8,450763	8,468487	8,498450	8,541740	8,575743	8,655681	8,702546	8,721491	8,737927	8,786556	0,000000	0,000000	0,000000	0,000000
8,378776	0,274669	7,986993	8,012097	8,026001	8,171371	8,211046	8,319453	8,356213	8,408597	8,444067	8,496731	8,611930	8,745646	8,752819	8,759897	0,000000	0,000000	0,000000	0,000000	0,000000	0,000000	0,000000	0,000000	0,000000	0,000000	0,000000	0,000000
8,308932	0,268826	7,999307	8,013963	8,020695	8,028814	8,062563	8,114035	8,127893	8,164885	8,267506	8,280667	8,346707	8,378748	8,411423	8,495220	8,607083	8,664101	8,751704	8,825471	0,000000	0,000000	0,000000	0,000000	0,000000	0,000000	0,000000	0,000000
8,259050	0,293350	8,038373	8,053790	8,060433	8,068307	8,082471	8,089221	8,171377	8,562765	8,712749	8,751016	0,000000	0,000000	0,000000	0,000000	0,000000	0,000000	0,000000	0,000000	0,000000	0,000000	0,000000	0,000000	0,000000	0,000000	0,000000	0,000000
8,355188	0,245103	7,981292	7,991108	8,102731	8,162888	8,208445	8,215101	8,333915	8,371419	8,416537	8,430288	8,465762	8,551050	8,617183	8,715047	8,765051	0,000000	0,000000	0,000000	0,000000	0,000000	0,000000	0,000000	0,000000	0,000000	0,000000	0,000000
8,267107	0,255901	7,990666	7,996793	8,004432	8,011336	8,027953	8,182934	8,266498	8,283213	8,383904	8,476835	8,556408	8,577252	8,714173	0,000000	0,000000	0,000000	0,000000	0,000000	0,000000	0,000000	0,000000	0,000000	0,000000	0,000000	0,000000	0,000000
8,433059	0,222454	8,119910	8,182122	8,204962	8,232857	8,271527	8,326240	8,343957	8,410385	8,486424	8,492730	8,513719	8,581665	8,730143	8,770335	8,828902	0,000000	0,000000	0,000000	0,000000	0,000000	0,000000	0,000000	0,000000	0,000000	0,000000	0,000000
8,339916	0,233713	8,002888	8,022786	8,198365	8,231997	8,263707	8,290435	8,379839	8,449698	8,516294	8,684557	8,698505	0,000000	0,000000	0,000000	0,000000	0,000000	0,000000	0,000000	0,000000	0,000000	0,000000	0,000000	0,000000	0,000000	0,000000	0,000000
8,458546	0,234646	8,071261	8,260518	8,274187	8,288123	8,299213	8,312513	8,329358	8,346513	8,359602	8,399739	8,605716	8,674486	8,735207	8,757694	8,786343	8,836266	0,000000	0,000000	0,000000	0,000000	0,000000	0,000000	0,000000	0,000000	0,000000	0,000000
8,396786	0,256519	7,979768	8,010132	8,179645	8,185747	8,362111	8,409145	8,444897	8,552165	8,609164	8,647568	8,677597	8,703488	0,000000	0,000000	0,000000	0,000000	0,000000	0,000000	0,000000	0,000000	0,000000	0,000000	0,000000	0,000000	0,000000	0,000000
8,355723	0,187494	8,021962	8,105314	8,213828	8,329242	8,338203	8,352041	8,384717	8,394970	8,407231	8,419955	8,585934	8,715278	0,000000	0,000000	0,000000	0,000000	0,000000	0,000000	0,000000	0,000000	0,000000	0,000000	0,000000	0,000000	0,000000	0,000000
8,272978	0,216427	8,007813	8,026429	8,040410	8,180155	8,204238	8,263766	8,279218	8,357748	8,392546	8,617323	8,633115	0,000000	0,000000	0,000000	0,000000	0,000000	0,000000	0,000000	0,000000	0,000000	0,000000	0,000000	0,000000	0,000000	0,000000	0,000000
8,623365	0,141896	8,409241	8,517363	8,532475	8,545560	8,592966	8,669302	8,692861	8,813258	8,837263	0,000000	0,000000	0,000000	0,000000	0,000000	0,000000	0,000000	0,000000	0,000000	0,000000	0,000000	0,000000	0,000000	0,000000	0,000000	0,000000	0,000000
8,204464	0,200294	7,958039	7,981006	8,001506	8,014848	8,036077	8,094403	8,117317	8,142104	8,155690	8,164000	8,259819	8,421987	8,451322	8,480657	8,492740	8,499907	0,000000	0,000000	0,000000	0,000000	0,000000	0,000000	0,000000	0,000000	0,000000	0,000000
8,489335	0,315416	8,201533	8,247724	8,661533	8,846552	0,000000	0,000000	0,000000	0,000000	0,000000	0,000000	0,000000	0,000000	0,000000	0,000000	0,000000	0,000000	0,000000	0,000000	0,000000	0,000000	0,000000	0,000000	0,000000	0,000000	0,000000	0,000000
8,288641	0,286373	8,002285	8,010515	8,016657	8,024520	8,072283	8,126986	8,149814	8,234903	8,357003	8,381512	8,495026	8,549605	8,795126	8,824745	0,000000	0,000000	0,000000	0,000000	0,000000	0,000000	0,000000	0,000000	0,000000	0,000000	0,000000	0,000000
8,364637	0,238082	8,130638	8,144195	8,152642	8,173292	8,194511	8,447995	8,466370	8,479451	8,708342	8,748938	0,000000	0,000000	0,000000	0,000000	0,000000	0,000000	0,000000	0,000000	0,000000	0,000000	0,000000	0,000000	0,000000	0,000000	0,000000	0,000000
8,321274	0,307122	7,995208	8,010495	8,060968	8,073849	8,129370	8,183821	8,259249	8,308449	8,532314	8,710414	8,789922	8,801223	0,000000	0,000000	0,000000	0,000000	0,000000	0,000000	0,000000	0,000000	0,000000	0,000000	0,000000	0,000000	0,000000	0,000000
8,426327	0,296640	7,998878	8,037570	8,103815	8,181055	8,286784	8,420073	8,552536	8,558254	8,666188	8,714920	8,790925	8,804923	0,000000	0,000000	0,000000	0,000000	0,000000	0,000000	0,000000	0,000000	0,000000	0,000000	0,000000	0,000000	0,000000	0,000000
8,244623	0,305411	7,988223	8,023313	8,037604	8,107900	8,270789	8,459972	8,824560	0,000000	0,000000	0,000000	0,000000	0,000000	0,000000	0,000000	0,000000	0,000000	0,000000	0,000000	0,000000	0,000000	0,000000	0,000000	0,000000	0,000000	0,000000	0,000000
8,525363	0,247427	8,000513	8,206913	8,393236	8,429277	8,462920	8,518347	8,593538	8,613454	8,690323	8,774856	8,783630	8,837350	0,000000	0,000000	0,000000	0,000000	0,000000	0,000000	0,000000	0,000000	0,000000	0,000000	0,000000	0,000000	0,000000	0,000000
8,327811	0,097885	8,210464	8,215823	8,331700	8,361494	8,391605	8,455783	0,000000	0,000000	0,000000	0,000000	0,000000	0,000000	0,000000	0,000000	0,000000	0,000000	0,000000	0,000000	0,000000	0,000000	0,000000	0,000000	0,000000	0,000000	0,000000	0,000000
8,361416	0,296890	7,991167	8,009724	8,021845	8,032007	8,103880	8,155256	8,191537	8,254502	8,311444	8,366656	8,400145	8,448204	8,472651	8,509115	8,699161	8,834019	8,847821	8,856363	0,000000	0,000000	0,000000	0,000000	0,000000	0,000000	0,000000	0,000000
8,383361	0,282660	7,998989	8,079630	8,086767	8,093405	8,101637	8,236660	8,263284	8,293042	8,506866	8,603607	8,631224	8,651874	8,664877	8,703533	8,835014	0,000000	0,000000	0,000000	0,000000	0,000000	0,000000	0,000000	0,000000	0,000000	0,000000	0,000000
8,342833	0,304035	7,977084	8,019002	8,088821	8,102455	8,109673	8,272158	8,343758	8,409705	8,468858	8,664831	8,821868	8,835781	0,000000	0,000000	0,000000	0,000000	0,000000	0,000000	0,000000	0,000000	0,000000	0,000000	0,000000	0,000000	0,000000	0,000000
8,471396	0,255816	8,026047	8,124408	8,174558	8,312662	8,333823	8,410646	8,493325	8,504324	8,529970	8,602416	8,695544	8,747115	8,796709	8,847997	0,000000	0,000000	0,000000	0,000000	0,000000	0,000000	0,000000	0,000000	0,000000	0,000000	0,000000	0,000000
8,403507	0,221897	8,161632	8,188947	8,197939	8,279506	8,293646	8,300625	8,339985	8,348304	8,437933	8,474267	8,558632	8,806360	8,857821	0,000000	0,000000	0,000000	0,000000	0,000000	0,000000	0,000000	0,000000	0,000000	0,000000	0,000000	0,000000	0,000000
8,426496	0,316258	8,016913	8,028430	8,047268	8,072842	8,150737	8,249662	8,263323	8,300931	8,523630	8,550249	8,695090	8,710524	8,727687	8,799824	8,833824	8,853002	0,000000	0,000000	0,000000	0,000000	0,000000	0,000000	0,000000	0,000000	0,000000	0,000000
8,379490	0,271808	8,031820	8,074542	8,122583	8,236935	8,246786	8,403068	8,629835	8,644134	8,652363	8,752838	0,000000	0,000000	0,000000	0,000000	0,000000	0,000000	0,000000	0,000000	0,000000	0,000000	0,000000	0,000000	0,000000	0,000000	0,000000	0,000000
8,236235	0,253642	7,976131	7,990603	7,997692	8,004733	8,024498	8,049454	8,082391	8,137597	8,235737	8,259705	8,323555	8,331523	8,377096	8,544362	8,656107	8,788574	0,000000	0,000000	0,000000	0,000000	0,000000	0,000000	0,000000	0,000000	0,000000	0,000000
8,611881	0,304949	8,147137	8,176755	8,454791	8,492903	8,781850	8,791021	8,838955	8,850935	8,972584	0,000000	0,000000	0,000000	0,000000	0,000000	0,000000	0,000000	0,000000	0,000000	0,000000	0,000000	0,000000	0,000000	0,000000	0,000000	0,000000	0,000000
8,471381	0,300316	7,985859	8,016747	8,039032	8,058934	8,272422	8,348461	8,362625	8,568575	8,578567	8,607760	8,647860	8,654696	8,699596	8,731697	8,781784	8,820198	8,838659	0,000000	0,000000	0,000000	0,000000	0,000000	0,000000	0,000000	0,000000	0,000000
8,591486	0,188520	8,236994	8,296561	8,361596	8,424820	8,466192	8,625448	8,635364	8,641868	8,649402	8,669425	8,723361	8,730884	8,768327	8,815160	8,826886	0,000000	0,000000	0,000000	0,000000	0,000000	0,000000	0,000000	0,000000	0,000000	0,000000	0,000000
8,436410	0,135045	8,259611	8,337320	8,354500	8,368859	8,399183	8,446185	8,469451	8,608372	8,684210	0,000000	0,000000	0,000000	0,000000	0,000000	0,000000	0,000000	0,000000	0,000000	0,000000	0,000000	0,000000	0,000000	0,000000	0,000000	0,000000	0,000000
8,377162	0,321175	7,982062	7,987098	7,999140	8,009883	8,026944	8,141984	8,252403	8,358474	8,491392	8,498256	8,539595	8,654796	8,723938	8,742947	8,777392	8,848291	0,000000	0,000000	0,000000	0,000000	0,000000	0,000000	0,000000	0,000000	0,000000	0,000000
8,345161	0,366185	7,986946	7,993384	8,000787	8,202285	8,217545	8,299275	8,314989	8,602592	8,721455	9,112353	0,000000	0,000000	0,000000	0,000000	0,000000	0,000000	0,000000	0,000000	0,000000	0,000000	0,000000	0,000000	0,000000	0,000000	0,000000	0,000000
8,385889	0,316761	7,985663	7,994188	8,016157	8,023244	8,096322	8,230285	8,293744	8,327666	8,344847	8,394846	8,610535	8,699157	8,756315	8,789600	8,801495	8,810156	0,000000	0,000000	0,000000	0,000000	0,000000	0,000000	0,000000	0,000000	0,000000	0,000000
8,233073	0,282587	7,988674	7,995090	8,003922	8,010990	8,018757	8,030900	8,045003	8,052497	8,060271	8,153639	8,316961	8,335353	8,350793	8,375914	8,577601	8,789783	8,856087	0,000000	0,000000	0,000000	0,000000	0,000000	0,000000	0,000000	0,000000	0,000000
8,382431	0,302726	7,982063	7,992867	8,004833	8,010846	8,017299	8,189501	8,193704	8,202120	8,346657	8,378612	8,484005	8,547665	8,594107	8,626315	8,638725	8,686433	8,692752	8,794326	8,883358	0,000000	0,000000	0,000000	0,000000	0,000000	0,000000	0,000000
8,253028	0,294505	7,983390	7,996008	8,018810	8,027038	8,051760	8,064230	8,256743	8,435070	8,504487	8,657424	8,788347	0,000000	0,000000	0,000000	0,000000	0,000000	0,000000	0,000000	0,000000	0,000000	0,000000	0,000000	0,000000	0,000000	0,000000	0,000000
8,414825	0,243796	7,991584	8,086688	8,189621	8,203740	8,342406	8,414027	8,489646	8,505185	8,511749	8,530865	8,576560	8,735284	8,815370	0,000000	0,000000	0,000000	0,000000	0,000000	0,000000	0,000000	0,000000	0,000000	0,000000	0,000000	0,000000	0,000000
8,363377	0,222261	7,970080	8,021365	8,052523	8,198490	8,222141	8,341761	8,348060	8,356131	8,369112	8,472659	8,502742	8,522787	8,543987	8,562965	8,580766	8,748472	0,000000	0,000000	0,000000	0,000000	0,000000	0,000000	0,000000	0,000000	0,000000	0,000000
8,433941	0,242387	7,982107	7,994010	8,250850	8,331318	8,377099	8,424469	8,436826	8,472540	8,481258	8,503624	8,617243	8,688322	8,725489	8,790026	0,000000	0,000000	0,000000	0,000000	0,000000	0,000000	0,000000	0,000000	0,000000	0,000000	0,000000	0,000000
8,174300	0,236860	7,996203	8,002997	8,010046	8,383967	8,478286	0,000000	0,000000	0,000000	0,000000	0,000000	0,000000	0,000000	0,000000	0,000000	0,000000	0,000000	0,000000	0,000000	0,000000	0,000000	0,000000	0,000000	0,000000	0,000000	0,000000	0,000000
8,412935	0,292489	8,006823	8,146499	8,440894	8,452612	8,658305	8,772476	0,000000	0,000000	0,000000	0,000000	0,000000	0,000000	0,000000	0,000000	0,000000	0,000000	0,000000	0,000000	0,000000	0,000000	0,000000	0,000000	0,000000	0,000000	0,000000	0,000000
8,442628	0,297383	7,989106	7,997770	8,012045	8,166096	8,179978	8,193163	8,216820	8,495129	8,527993	8,539930	8,551292	8,565539	8,651446	8,698944	8,773135	8,779407	8,800221	8,829287	0,000000	0,000000	0,000000	0,000000	0,000000	0,000000	0,000000	0,000000
8,486566	0,248926	8,021440	8,079316	8,238452	8,252345	8,408936	8,442106	8,453120	8,499990	8,531834	8,547090	8,553447	8,569517	8,681203	8,804846	8,843506	8,857901	0,000000	0,000000	0,000000	0,000000	0,000000	0,000000	0,000000	0,000000	0,000000	0,000000
8,474561	0,230180	7,994070	8,110125	8,242326	8,366440	8,378199	8,387511	8,467810	8,504034	8,569812	8,582933	8,625850	8,662087	8,724663	8,743905	8,758642	0,000000	0,000000	0,000000	0,000000	0,000000	0,000000	0,000000	0,000000	0,000000	0,000000	0,000000
8,269091	0,256877	7,962031	7,978363	7,991092	7,997767	8,006811	8,020338	8,039183	8,124064	8,133400	8,137501	8,176306	8,186435	8,211191	8,230034	8,243347	8,328650	8,351447	8,443921	8,593990	8,597620	8,637502	8,647686	8,660340	8,759164	0,000000	0,000000
8,309470	0,290182	7,983091	7,990650	8,000007	8,021514	8,071955	8,147498	8,178720	8,215665	8,220408	8,229532	8,251211	8,472464	8,522093	8,612031	8,751002	8,770412	8,822736	0,000000	0,000000	0,000000	0,000000	0,000000	0,000000	0,000000	0,000000	0,000000
8,307985	0,264908	7,976033	8,008418	8,023615	8,037940	8,381059	8,395467	8,539836	8,544616	8,581235	8,591633	0,000000	0,000000	0,000000	0,000000	0,000000	0,000000	0,000000	0,000000	0,000000	0,000000	0,000000	0,000000	0,000000	0,000000	0,000000	0,000000
8,272083	0,234678	8,023492	8,047696	8,060783	8,104529	8,149052	8,162916	8,334930	8,346156	8,454990	8,609918	8,698454	0,000000	0,000000	0,000000	0,000000	0,000000	0,000000	0,000000	0,000000	0,000000	0,000000	0,000000	0,000000	0,000000	0,000000	0,000000
8,390685	0,244449	7,988584	8,049733	8,188218	8,201842	8,210120	8,228543	8,240766	8,298345	8,373559	8,465826	8,487964	8,502042	8,531089	8,603664	8,693139	8,719220	8,858989	0,000000	0,000000	0,000000	0,000000	0,000000	0,000000	0,000000	0,000000	0,000000
8,433547	0,232688	8,028091	8,169384	8,174923	8,182190	8,189658	8,326945	8,363326	8,369497	8,379290	8,393289	8,433057	8,477540	8,498921	8,522584	8,625946	8,731676	8,745639	8,791291	8,834152	0,000000	0,000000	0,000000	0,000000	0,000000	0,000000	0,000000
8,465467	0,254087	7,986777	7,996316	8,008760	8,189910	8,280087	8,382368	8,389292	8,396039	8,434534	8,482955	8,527173	8,540691	8,570005	8,578450	8,600715	8,653333	8,680800	8,740683	8,755024	8,777007	8,803885	0,000000	0,000000	0,000000	0,000000	0,000000
8,318165	0,325404	7,976632	7,989518	7,997560	8,004056	8,010820	8,055488	8,122643	8,131489	8,163179	8,231003	8,285352	8,295068	8,359654	8,456699	8,663438	8,722660	8,774117	8,817194	8,988571	0,000000	0,000000	0,000000	0,000000	0,000000	0,000000	0,000000
8,347057	0,283807	7,979332	7,994073	8,076251	8,083289	8,089847	8,187621	8,209423	8,396460	8,424406	8,468602	8,484626	8,491286	8,715577	8,783154	8,821913	0,000000	0,000000	0,000000	0,000000	0,000000	0,000000	0,000000	0,000000	0,000000	0,000000	0,000000
8,359563	0,233170	8,003245	8,017162	8,109621	8,116008	8,129220	8,225169	8,232058	8,242601	8,264298	8,282793	8,323009	8,401353	8,513964	8,528695	8,555896	8,578188	8,598847	8,610670	8,641245	8,817222	0,000000	0,000000	0,000000	0,000000	0,000000	0,000000
8,261835	0,219816	7,969043	7,995941	8,009068	8,031718	8,041886	8,071820	8,108344	8,112758	8,177803	8,280363	8,334161	8,348067	8,363511	8,438716	8,446342	8,473116	8,572911	8,579408	8,619889	0,000000	0,000000	0,000000	0,000000	0,000000	0,000000	0,000000
8,377073	0,204437	8,101560	8,156688	8,199406	8,223455	8,240169	8,255463	8,288216	8,333825	8,388356	8,407845	8,421870	8,500519	8,657655	8,718929	8,762134	0,000000	0,000000	0,000000	0,000000	0,000000	0,000000	0,000000	0,000000	0,000000	0,000000	0,000000
8,470571	0,294046	8,040066	8,054405	8,066768	8,075515	8,098372	8,234732	8,319369	8,461541	8,530801	8,566723	8,577872	8,594298	8,626804	8,739506	8,748767	8,762473	8,772239	8,782888	8,887713	0,000000	0,000000	0,000000	0,000000	0,000000	0,000000	0,000000
8,488253	0,175630	8,253596	8,344499	8,399451	8,421819	8,437271	8,507160	8,564248	8,610453	8,855778	0,000000	0,000000	0,000000	0,000000	0,000000	0,000000	0,000000	0,000000	0,000000	0,000000	0,000000	0,000000	0,000000	0,000000	0,000000	0,000000	0,000000
8,155988	0,178663	7,995205	8,008732	8,043014	8,057050	8,215126	8,309705	8,463084	0,000000	0,000000	0,000000	0,000000	0,000000	0,000000	0,000000	0,000000	0,000000	0,000000	0,000000	0,000000	0,000000	0,000000	0,000000	0,000000	0,000000	0,000000	0,000000
8,412636	0,285459	7,979130	8,045327	8,074897	8,088439	8,096720	8,301758	8,354612	8,397396	8,530893	8,563536	8,585840	8,607666	8,659244	8,692155	8,785592	8,838966	0,000000	0,000000	0,000000	0,000000	0,000000	0,000000	0,000000	0,000000	0,000000	0,000000
8,460560	0,295798	7,977490	8,002944	8,015354	8,028840	8,151533	8,175048	8,309098	8,331054	8,364135	8,384927	8,537033	8,580965	8,643496	8,657130	8,670884	8,680197	8,709193	8,721310	8,741585	8,768210	8,823900	8,857990	0,000000	0,000000	0,000000	0,000000
8,398777	0,258823	7,988975	8,163465	8,205884	8,242202	8,489573	8,503822	8,569998	8,660596	8,764478	0,000000	0,000000	0,000000	0,000000	0,000000	0,000000	0,000000	0,000000	0,000000	0,000000	0,000000	0,000000	0,000000	0,000000	0,000000	0,000000	0,000000
8,471653	0,131613	8,281691	8,292624	8,316290	8,324746	8,408734	8,441283	8,469747	8,526591	8,540766	8,553312	8,564889	8,573980	8,598848	8,709644	0,000000	0,000000	0,000000	0,000000	0,000000	0,000000	0,000000	0,000000	0,000000	0,000000	0,000000	0,000000
8,321217	0,272164	7,987250	7,999589	8,007148	8,014727	8,129108	8,146673	8,170141	8,210626	8,228840	8,236235	8,367974	8,379473	8,488027	8,524282	8,626700	8,737162	8,748743	8,779209	0,000000	0,000000	0,000000	0,000000	0,000000	0,000000	0,000000	0,000000
8,385127	0,230414	8,002744	8,036432	8,154157	8,167518	8,181656	8,275328	8,289853	8,302286	8,335793	8,342688	8,349746	8,365754	8,404843	8,466867	8,522595	8,567656	8,641234	8,708039	8,762171	8,825181	0,000000	0,000000	0,000000	0,000000	0,000000	0,000000
8,376233	0,306611	8,001445	8,037263	8,055713	8,090561	8,104202	8,326965	8,353229	8,374835	8,571310	8,594049	8,758587	8,789450	8,833418	0,000000	0,000000	0,000000	0,000000	0,000000	0,000000	0,000000	0,000000	0,000000	0,000000	0,000000	0,000000	0,000000
8,447450	0,269063	7,996963	8,008607	8,188011	8,211092	8,217837	8,241019	8,270690	8,306738	8,316944	8,434055	8,467212	8,518346	8,526913	8,632098	8,659467	8,728763	8,749959	8,783594	8,812558	8,878143	0,000000	0,000000	0,000000	0,000000	0,000000	0,000000
8,274434	0,161763	8,102889	8,109657	8,116006	8,150833	8,164556	8,195737	8,203565	8,216787	8,266526	8,355669	8,394765	8,444216	8,521413	8,599456	0,000000	0,000000	0,000000	0,000000	0,000000	0,000000	0,000000	0,000000	0,000000	0,000000	0,000000	0,000000
8,627071	0,231534	8,108642	8,377487	8,391346	8,460020	8,576803	8,684305	8,700684	8,733216	8,746187	8,797261	8,832092	8,847827	8,896054	0,000000	0,000000	0,000000	0,000000	0,000000	0,000000	0,000000	0,000000	0,000000	0,000000	0,000000	0,000000	0,000000
8,353663	0,325397	7,977804	7,997860	8,013394	8,019693	8,039861	8,159135	8,251115	8,379609	8,542218	8,571945	8,641620	8,737283	8,763789	8,855963	0,000000	0,000000	0,000000	0,000000	0,000000	0,000000	0,000000	0,000000	0,000000	0,000000	0,000000	0,000000
8,384975	0,264559	7,984766	8,025242	8,141299	8,151694	8,165405	8,395502	8,428996	8,468604	8,548352	8,593415	8,646985	8,671348	8,783062	0,000000	0,000000	0,000000	0,000000	0,000000	0,000000	0,000000	0,000000	0,000000	0,000000	0,000000	0,000000	0,000000
8,308493	0,234416	8,090385	8,118626	8,148915	8,171843	8,186086	8,225313	8,250333	8,494358	8,675612	8,723454	0,000000	0,000000	0,000000	0,000000	0,000000	0,000000	0,000000	0,000000	0,000000	0,000000	0,000000	0,000000	0,000000	0,000000	0,000000	0,000000
8,252577	0,227915	7,983613	7,996607	8,029709	8,041390	8,071657	8,087372	8,106485	8,124985	8,137501	8,171398	8,185452	8,217322	8,259308	8,272044	8,295279	8,376543	8,382324	8,459789	8,679296	8,708107	8,717935	0,000000	0,000000	0,000000	0,000000	0,000000
8,255580	0,250811	7,990642	8,004485	8,019134	8,028324	8,041932	8,053414	8,101529	8,113640	8,136688	8,198227	8,391012	8,441373	8,447264	8,455114	8,470484	8,719991	8,731615	0,000000	0,000000	0,000000	0,000000	0,000000	0,000000	0,000000	0,000000	0,000000
8,341664	0,272374	7,985889	8,052362	8,066034	8,089169	8,242243	8,274624	8,297309	8,325817	8,420162	8,497734	8,588511	8,728662	8,873110	0,000000	0,000000	0,000000	0,000000	0,000000	0,000000	0,000000	0,000000	0,000000	0,000000	0,000000	0,000000	0,000000
8,300096	0,223564	8,067125	8,073652	8,112153	8,139018	8,156730	8,179254	8,186242	8,302797	8,334807	8,496201	8,510035	8,559732	8,783495	0,000000	0,000000	0,000000	0,000000	0,000000	0,000000	0,000000	0,000000	0,000000	0,000000	0,000000	0,000000	0,000000
8,450491	0,146749	8,251910	8,427534	8,554032	8,568488	0,000000	0,000000	0,000000	0,000000	0,000000	0,000000	0,000000	0,000000	0,000000	0,000000	0,000000	0,000000	0,000000	0,000000	0,000000	0,000000	0,000000	0,000000	0,000000	0,000000	0,000000	0,000000
8,521709	0,266765	7,992175	8,057167	8,382243	8,400848	8,494640	8,509005	8,538460	8,542706	8,738841	8,753626	8,761289	8,769862	8,841352	0,000000	0,000000	0,000000	0,000000	0,000000	0,000000	0,000000	0,000000	0,000000	0,000000	0,000000	0,000000	0,000000
8,245672	0,290305	7,964588	7,983959	7,991652	8,004148	8,028684	8,050110	8,057712	8,067440	8,190713	8,244148	8,501072	8,554258	8,584552	8,669145	8,792892	0,000000	0,000000	0,000000	0,000000	0,000000	0,000000	0,000000	0,000000	0,000000	0,000000	0,000000
8,473515	0,201098	8,080006	8,210821	8,291750	8,314900	8,333363	8,339708	8,349738	8,357084	8,379862	8,456764	8,512832	8,554097	8,599990	8,630733	8,644484	8,651452	8,686102	8,788388	8,814710	0,000000	0,000000	0,000000	0,000000	0,000000	0,000000	0,000000
8,285137	0,241782	7,997864	8,011268	8,024742	8,105793	8,118609	8,156838	8,185632	8,225333	8,293185	8,353525	8,369085	8,444247	8,508643	8,728907	8,753385	0,000000	0,000000	0,000000	0,000000	0,000000	0,000000	0,000000	0,000000	0,000000	0,000000	0,000000
8,377390	0,234932	7,989030	8,006139	8,012013	8,170293	8,282841	8,296952	8,304069	8,345687	8,367230	8,380417	8,428626	8,447625	8,462240	8,587468	8,607969	8,623444	8,653722	8,827259	0,000000	0,000000	0,000000	0,000000	0,000000	0,000000	0,000000	0,000000
8,210958	0,236390	7,972810	7,987769	7,994908	8,007401	8,014788	8,029315	8,036438	8,049674	8,242111	8,369633	8,395207	8,434046	8,439239	8,563942	8,627086	0,000000	0,000000	0,000000	0,000000	0,000000	0,000000	0,000000	0,000000	0,000000	0,000000	0,000000
8,518991	0,317031	7,988273	7,999934	8,011571	8,021810	8,271194	8,352868	8,411159	8,552508	8,593150	8,664297	8,699438	8,716407	8,727364	8,759267	8,778108	8,800348	8,811427	8,839199	8,862502	0,000000	0,000000	0,000000	0,000000	0,000000	0,000000	0,000000
8,174189	0,214708	7,977040	7,992635	7,999144	8,007125	8,018400	8,046379	8,207384	8,257069	8,357879	8,522237	8,530782	0,000000	0,000000	0,000000	0,000000	0,000000	0,000000	0,000000	0,000000	0,000000	0,000000	0,000000	0,000000	0,000000	0,000000	0,000000
8,396219	0,241405	7,982940	8,089050	8,102743	8,122259	8,226207	8,286961	8,293656	8,335316	8,382203	8,390184	8,430939	8,502543	8,554249	8,566073	8,578565	8,700321	8,774494	8,813242	0,000000	0,000000	0,000000	0,000000	0,000000	0,000000	0,000000	0,000000
8,272003	0,251166	7,983672	7,993740	8,007610	8,026157	8,031241	8,093824	8,275101	8,294622	8,309561	8,314898	8,386406	8,477592	8,512012	8,542400	8,831209	0,000000	0,000000	0,000000	0,000000	0,000000	0,000000	0,000000	0,000000	0,000000	0,000000	0,000000
8,519873	0,335655	7,987709	8,184240	8,204163	8,257692	8,318170	8,364535	8,617968	8,780814	8,824955	8,843812	8,890707	8,963710	0,000000	0,000000	0,000000	0,000000	0,000000	0,000000	0,000000	0,000000	0,000000	0,000000	0,000000	0,000000	0,000000	0,000000
8,282915	0,246898	8,010615	8,017630	8,024514	8,031845	8,040667	8,048447	8,054425	8,156416	8,314626	8,339083	8,349735	8,523711	8,527885	8,547167	8,568962	8,581133	8,672702	0,000000	0,000000	0,000000	0,000000	0,000000	0,000000	0,000000	0,000000	0,000000
8,464624	0,271678	8,168288	8,191293	8,197909	8,205410	8,387862	8,520395	8,593130	8,705780	8,818041	8,858135	0,000000	0,000000	0,000000	0,000000	0,000000	0,000000	0,000000	0,000000	0,000000	0,000000	0,000000	0,000000	0,000000	0,000000	0,000000	0,000000
8,356264	0,272763	7,984452	7,999074	8,012512	8,095504	8,208125	8,221987	8,265901	8,279926	8,288266	8,317510	8,423610	8,522890	8,542027	8,578934	8,658800	8,718035	8,938941	0,000000	0,000000	0,000000	0,000000	0,000000	0,000000	0,000000	0,000000	0,000000
8,360044	0,278015	8,044169	8,064315	8,088658	8,102438	8,255326	8,262362	8,268952	8,276817	8,310153	8,348301	8,657959	8,749765	8,779859	8,831547	0,000000	0,000000	0,000000	0,000000	0,000000	0,000000	0,000000	0,000000	0,000000	0,000000	0,000000	0,000000
8,178303	0,266451	7,984627	7,994621	8,000801	8,012249	8,019067	8,026000	8,033291	8,043549	8,049933	8,059598	8,076750	8,099830	8,161867	8,405815	8,532334	8,720333	8,810491	0,000000	0,000000	0,000000	0,000000	0,000000	0,000000	0,000000	0,000000	0,000000
8,515284	0,333488	7,999784	8,013010	8,058219	8,155935	8,399736	8,461103	8,639220	8,653253	8,663458	8,761435	8,829839	8,839274	8,845941	8,893769	0,000000	0,000000	0,000000	0,000000	0,000000	0,000000	0,000000	0,000000	0,000000	0,000000	0,000000	0,000000
8,293719	0,232720	7,983300	7,995062	8,006668	8,122600	8,195609	8,215207	8,302269	8,321206	8,381832	8,500538	8,527050	8,624711	8,642301	0,000000	0,000000	0,000000	0,000000	0,000000	0,000000	0,000000	0,000000	0,000000	0,000000	0,000000	0,000000	0,000000
8,342046	0,289981	8,000707	8,013977	8,027812	8,044446	8,093699	8,253840	8,363454	8,437743	8,504396	8,558308	8,586610	8,763684	8,797928	0,000000	0,000000	0,000000	0,000000	0,000000	0,000000	0,000000	0,000000	0,000000	0,000000	0,000000	0,000000	0,000000
8,324717	0,249677	8,020121	8,059011	8,176384	8,182931	8,190503	8,212138	8,516185	8,558484	8,643108	8,688302	0,000000	0,000000	0,000000	0,000000	0,000000	0,000000	0,000000	0,000000	0,000000	0,000000	0,000000	0,000000	0,000000	0,000000	0,000000	0,000000
8,296653	0,256024	7,986668	8,029923	8,048533	8,090177	8,311456	8,321247	8,334470	8,533412	8,617227	8,693420	0,000000	0,000000	0,000000	0,000000	0,000000	0,000000	0,000000	0,000000	0,000000	0,000000	0,000000	0,000000	0,000000	0,000000	0,000000	0,000000
8,341657	0,252520	7,980554	7,987042	7,996292	8,012409	8,322617	8,336615	8,355409	8,420649	8,427987	8,465966	8,577549	8,600340	8,612210	8,687565	0,000000	0,000000	0,000000	0,000000	0,000000	0,000000	0,000000	0,000000	0,000000	0,000000	0,000000	0,000000
8,281003	0,251797	7,984739	7,992497	7,999033	8,007615	8,019830	8,044757	8,250150	8,256856	8,414849	8,471059	8,485004	8,542436	8,561286	8,581745	8,603189	0,000000	0,000000	0,000000	0,000000	0,000000	0,000000	0,000000	0,000000	0,000000	0,000000	0,000000
8,308131	0,323224	7,982958	7,992359	8,006060	8,016391	8,025989	8,039128	8,135108	8,195308	8,407933	8,414405	8,421718	8,588212	8,645424	8,785911	8,965057	0,000000	0,000000	0,000000	0,000000	0,000000	0,000000	0,000000	0,000000	0,000000	0,000000	0,000000
8,473604	0,351738	7,980970	7,988780	7,999128	8,005846	8,012895	8,487057	8,526697	8,580059	8,591289	8,604049	8,657257	8,742216	8,811038	8,839436	8,868454	8,882498	0,000000	0,000000	0,000000	0,000000	0,000000	0,000000	0,000000	0,000000	0,000000	0,000000
8,250551	0,233714	7,995805	8,029814	8,069204	8,100785	8,132550	8,242394	8,256421	8,437932	8,613396	8,627209	0,000000	0,000000	0,000000	0,000000	0,000000	0,000000	0,000000	0,000000	0,000000	0,000000	0,000000	0,000000	0,000000	0,000000	0,000000	0,000000
8,478335	0,308088	7,994735	8,238218	8,267316	8,432617	8,475306	8,755825	8,825770	8,836893	0,000000	0,000000	0,000000	0,000000	0,000000	0,000000	0,000000	0,000000	0,000000	0,000000	0,000000	0,000000	0,000000	0,000000	0,000000	0,000000	0,000000	0,000000
8,283074	0,248305	7,986134	7,999306	8,006914	8,029076	8,055402	8,078009	8,090965	8,107918	8,190786	8,267209	8,317919	8,362404	8,406185	8,449900	8,486950	8,544315	8,580337	8,614435	8,804236	0,000000	0,000000	0,000000	0,000000	0,000000	0,000000	0,000000
8,324260	0,275506	7,982609	7,998203	8,006571	8,013052	8,019983	8,055058	8,160813	8,271727	8,306272	8,311499	8,318647	8,394338	8,437359	8,455138	8,533264	8,570804	8,755129	8,770062	8,800409	0,000000	0,000000	0,000000	0,000000	0,000000	0,000000	0,000000
8,453668	0,310160	7,996339	8,058620	8,106158	8,120114	8,289121	8,303193	8,379057	8,415409	8,516483	8,540665	8,698751	8,789604	8,822142	8,861735	8,907632	0,000000	0,000000	0,000000	0,000000	0,000000	0,000000	0,000000	0,000000	0,000000	0,000000	0,000000
8,197833	0,207441	8,004416	8,010912	8,100555	8,107766	8,118594	8,160099	8,213522	8,425960	8,638671	0,000000	0,000000	0,000000	0,000000	0,000000	0,000000	0,000000	0,000000	0,000000	0,000000	0,000000	0,000000	0,000000	0,000000	0,000000	0,000000	0,000000
8,340742	0,308822	7,995876	8,097771	8,103703	8,230410	8,244201	8,508496	8,700059	8,845420	0,000000	0,000000	0,000000	0,000000	0,000000	0,000000	0,000000	0,000000	0,000000	0,000000	0,000000	0,000000	0,000000	0,000000	0,000000	0,000000	0,000000	0,000000
8,387861	0,314865	7,991724	8,078639	8,108820	8,290009	8,308752	8,424246	8,637958	8,813078	8,837527	0,000000	0,000000	0,000000	0,000000	0,000000	0,000000	0,000000	0,000000	0,000000	0,000000	0,000000	0,000000	0,000000	0,000000	0,000000	0,000000	0,000000
8,336176	0,256362	7,976621	8,037305	8,245947	8,419589	8,472374	8,568053	8,633345	0,000000	0,000000	0,000000	0,000000	0,000000	0,000000	0,000000	0,000000	0,000000	0,000000	0,000000	0,000000	0,000000	0,000000	0,000000	0,000000	0,000000	0,000000	0,000000
8,487937	0,334699	8,005770	8,022776	8,029625	8,213163	8,324356	8,370595	8,686527	8,700773	8,748432	8,788406	8,801517	8,819741	8,831501	0,000000	0,000000	0,000000	0,000000	0,000000	0,000000	0,000000	0,000000	0,000000	0,000000	0,000000	0,000000	0,000000
8,528909	0,237974	8,152515	8,176163	8,242901	8,257440	8,283839	8,391350	8,422756	8,428359	8,438357	8,452056	8,692058	8,706423	8,713873	8,735707	8,750060	8,773564	8,780717	8,822257	8,828866	0,000000	0,000000	0,000000	0,000000	0,000000	0,000000	0,000000
8,532930	0,175878	8,234065	8,288468	8,390828	8,508999	8,516344	8,538293	8,552592	8,646647	8,657272	8,723890	8,804837	0,000000	0,000000	0,000000	0,000000	0,000000	0,000000	0,000000	0,000000	0,000000	0,000000	0,000000	0,000000	0,000000	0,000000	0,000000
8,379705	0,185153	8,108022	8,150409	8,250223	8,289858	8,310232	8,327166	8,375852	8,393788	8,459933	8,533235	8,611571	8,746175	0,000000	0,000000	0,000000	0,000000	0,000000	0,000000	0,000000	0,000000	0,000000	0,000000	0,000000	0,000000	0,000000	0,000000
8,239022	0,247151	7,988084	8,002046	8,101917	8,115598	8,250541	8,279430	8,464607	8,709951	0,000000	0,000000	0,000000	0,000000	0,000000	0,000000	0,000000	0,000000	0,000000	0,000000	0,000000	0,000000	0,000000	0,000000	0,000000	0,000000	0,000000	0,000000
8,432391	0,300479	7,987520	8,001788	8,015312	8,065496	8,190056	8,383646	8,435305	8,449295	8,495110	8,520371	8,569627	8,618236	8,751266	8,771029	8,825795	8,838406	0,000000	0,000000	0,000000	0,000000	0,000000	0,000000	0,000000	0,000000	0,000000	0,000000
8,329591	0,242439	7,978528	7,992796	8,010471	8,358319	8,411312	8,446074	8,468504	8,486557	8,507388	8,635956	0,000000	0,000000	0,000000	0,000000	0,000000	0,000000	0,000000	0,000000	0,000000	0,000000	0,000000	0,000000	0,000000	0,000000	0,000000	0,000000
8,311647	0,305658	7,993625	8,002692	8,018462	8,023673	8,042230	8,091901	8,290219	8,327847	8,543729	8,584015	8,604510	8,691720	8,836792	0,000000	0,000000	0,000000	0,000000	0,000000	0,000000	0,000000	0,000000	0,000000	0,000000	0,000000	0,000000	0,000000
8,349326	0,235225	7,994417	8,001133	8,167961	8,183335	8,223598	8,239236	8,245963	8,253151	8,319717	8,361747	8,411790	8,447583	8,615920	8,667542	8,709917	8,746200	0,000000	0,000000	0,000000	0,000000	0,000000	0,000000	0,000000	0,000000	0,000000	0,000000
8,510076	0,236727	8,254554	8,425306	8,542850	8,817595	0,000000	0,000000	0,000000	0,000000	0,000000	0,000000	0,000000	0,000000	0,000000	0,000000	0,000000	0,000000	0,000000	0,000000	0,000000	0,000000	0,000000	0,000000	0,000000	0,000000	0,000000	0,000000
8,342532	0,181029	8,050544	8,307618	8,313820	8,320789	8,328534	8,341086	8,359654	8,718212	0,000000	0,000000	0,000000	0,000000	0,000000	0,000000	0,000000	0,000000	0,000000	0,000000	0,000000	0,000000	0,000000	0,000000	0,000000	0,000000	0,000000	0,000000
8,371385	0,261126	8,017219	8,024046	8,144626	8,194168	8,301561	8,308701	8,315308	8,323038	8,358661	8,435123	8,489114	8,553287	8,855706	8,878825	0,000000	0,000000	0,000000	0,000000	0,000000	0,000000	0,000000	0,000000	0,000000	0,000000	0,000000	0,000000
8,353210	0,346475	7,984131	7,994094	8,009829	8,016005	8,037148	8,099539	8,106551	8,263449	8,346488	8,367927	8,530012	8,638338	8,654964	8,681336	8,858499	9,063048	0,000000	0,000000	0,000000	0,000000	0,000000	0,000000	0,000000	0,000000	0,000000	0,000000
8,124267	0,155319	7,991522	8,008842	8,021900	8,029438	8,086619	8,125606	8,342448	8,387764	0,000000	0,000000	0,000000	0,000000	0,000000	0,000000	0,000000	0,000000	0,000000	0,000000	0,000000	0,000000	0,000000	0,000000	0,000000	0,000000	0,000000	0,000000
8,364925	0,345252	7,988684	8,003889	8,010844	8,028794	8,131955	8,196966	8,213626	8,376648	8,640247	8,702462	8,728556	8,837117	8,884236	0,000000	0,000000	0,000000	0,000000	0,000000	0,000000	0,000000	0,000000	0,000000	0,000000	0,000000	0,000000	0,000000
8,405997	0,342270	7,975288	7,992013	7,996167	8,018070	8,031029	8,049939	8,068515	8,083132	8,221888	8,352944	8,459785	8,534575	8,626275	8,651188	8,666522	8,715055	8,755718	8,779884	8,813933	8,853040	8,880971	0,000000	0,000000	0,000000	0,000000	0,000000
8,379468	0,306000	7,981267	7,995618	8,065439	8,188790	8,368474	8,525701	8,542550	8,587913	8,714220	8,824708	0,000000	0,000000	0,000000	0,000000	0,000000	0,000000	0,000000	0,000000	0,000000	0,000000	0,000000	0,000000	0,000000	0,000000	0,000000	0,000000
8,281987	0,260229	7,965045	7,970127	7,977452	7,996601	8,019522	8,041438	8,046270	8,111413	8,154134	8,320462	8,331312	8,345301	8,369435	8,397239	8,453028	8,567810	8,589750	8,595750	8,607717	8,779929	0,000000	0,000000	0,000000	0,000000	0,000000	0,000000
8,295904	0,245498	8,003640	8,017762	8,024583	8,061741	8,078624	8,114923	8,161195	8,189573	8,288435	8,367395	8,475047	8,502184	8,517895	8,557925	8,679999	8,693549	0,000000	0,000000	0,000000	0,000000	0,000000	0,000000	0,000000	0,000000	0,000000	0,000000
8,462343	0,231911	8,186391	8,196402	8,234125	8,241143	8,275439	8,289887	8,369269	8,378805	8,419033	8,453611	8,581188	8,621546	8,711624	8,759037	8,810788	8,869202	0,000000	0,000000	0,000000	0,000000	0,000000	0,000000	0,000000	0,000000	0,000000	0,000000
8,405951	0,227066	8,082367	8,151502	8,226629	8,240486	8,248641	8,383498	8,390350	8,520140	8,569728	8,595651	8,618885	8,843536	0,000000	0,000000	0,000000	0,000000	0,000000	0,000000	0,000000	0,000000	0,000000	0,000000	0,000000	0,000000	0,000000	0,000000
8,251681	0,209508	7,995418	8,015786	8,022133	8,029915	8,076039	8,114218	8,262586	8,309061	8,331162	8,383283	8,404103	8,410987	8,567240	8,601602	0,000000	0,000000	0,000000	0,000000	0,000000	0,000000	0,000000	0,000000	0,000000	0,000000	0,000000	0,000000
8,218446	0,191575	7,998107	8,011278	8,018698	8,033423	8,044109	8,051016	8,315911	8,330661	8,339186	8,364534	8,389116	8,451994	8,491761	0,000000	0,000000	0,000000	0,000000	0,000000	0,000000	0,000000	0,000000	0,000000	0,000000	0,000000	0,000000	0,000000
8,140315	0,140798	7,985199	7,996932	8,006236	8,012114	8,012297	8,130845	8,147168	8,171526	8,233124	8,275043	8,332510	8,380789	0,000000	0,000000	0,000000	0,000000	0,000000	0,000000	0,000000	0,000000	0,000000	0,000000	0,000000	0,000000	0,000000	0,000000
8,418639	0,259149	7,986269	8,003167	8,132963	8,297015	8,304386	8,356107	8,456807	8,466388	8,507334	8,548487	8,580474	8,589168	8,804057	8,828331	0,000000	0,000000	0,000000	0,000000	0,000000	0,000000	0,000000	0,000000	0,000000	0,000000	0,000000	0,000000
8,443614	0,233796	8,063458	8,174375	8,229808	8,244489	8,297220	8,317573	8,369768	8,481425	8,546202	8,602022	8,633217	8,684624	8,740148	8,826275	0,000000	0,000000	0,000000	0,000000	0,000000	0,000000	0,000000	0,000000	0,000000	0,000000	0,000000	0,000000
8,316696	0,255156	7,993176	8,006084	8,015230	8,210561	8,234337	8,391335	8,399302	8,413113	8,425200	8,604799	8,790516	0,000000	0,000000	0,000000	0,000000	0,000000	0,000000	0,000000	0,000000	0,000000	0,000000	0,000000	0,000000	0,000000	0,000000	0,000000
8,241789	0,245643	7,989516	8,005941	8,012748	8,125512	8,238129	8,268940	8,344328	8,461334	8,729654	0,000000	0,000000	0,000000	0,000000	0,000000	0,000000	0,000000	0,000000	0,000000	0,000000	0,000000	0,000000	0,000000	0,000000	0,000000	0,000000	0,000000
8,188158	0,199380	8,005549	8,042948	8,049705	8,056796	8,064811	8,227173	8,239461	8,436688	8,570292	0,000000	0,000000	0,000000	0,000000	0,000000	0,000000	0,000000	0,000000	0,000000	0,000000	0,000000	0,000000	0,000000	0,000000	0,000000	0,000000	0,000000
8,311002	0,205285	8,023624	8,118761	8,137216	8,178447	8,215641	8,230984	8,243933	8,269180	8,285629	8,523948	8,554473	8,571032	8,690159	0,000000	0,000000	0,000000	0,000000	0,000000	0,000000	0,000000	0,000000	0,000000	0,000000	0,000000	0,000000	0,000000
8,145590	0,107162	8,001215	8,019421	8,033816	8,074932	8,171075	8,184631	8,193240	8,204206	8,260122	8,313243	0,000000	0,000000	0,000000	0,000000	0,000000	0,000000	0,000000	0,000000	0,000000	0,000000	0,000000	0,000000	0,000000	0,000000	0,000000	0,000000
8,338542	0,325948	7,982500	8,023138	8,036471	8,047611	8,061805	8,069944	8,110923	8,155009	8,168954	8,253494	8,288665	8,361424	8,546903	8,639639	8,800040	8,824869	8,840288	8,882082	0,000000	0,000000	0,000000	0,000000	0,000000	0,000000	0,000000	0,000000
8,326135	0,296022	8,004536	8,017546	8,145302	8,342503	8,370793	8,627259	8,775004	0,000000	0,000000	0,000000	0,000000	0,000000	0,000000	0,000000	0,000000	0,000000	0,000000	0,000000	0,000000	0,000000	0,000000	0,000000	0,000000	0,000000	0,000000	0,000000
8,406727	0,208691	8,013861	8,153321	8,235475	8,249127	8,297722	8,370195	8,400211	8,420890	8,454473	8,471567	8,560450	8,611646	8,696444	8,758795	0,000000	0,000000	0,000000	0,000000	0,000000	0,000000	0,000000	0,000000	0,000000	0,000000	0,000000	0,000000
8,409395	0,271501	8,027873	8,149747	8,185554	8,315245	8,335696	8,373971	8,412345	8,723894	8,740168	8,829457	0,000000	0,000000	0,000000	0,000000	0,000000	0,000000	0,000000	0,000000	0,000000	0,000000	0,000000	0,000000	0,000000	0,000000	0,000000	0,000000
8,242336	0,189455	8,021354	8,028356	8,034809	8,046145	8,077236	8,121356	8,208017	8,219247	8,356218	8,413210	8,431426	8,446152	8,487351	8,501823	0,000000	0,000000	0,000000	0,000000	0,000000	0,000000	0,000000	0,000000	0,000000	0,000000	0,000000	0,000000
8,492970	0,190811	8,121752	8,293930	8,321449	8,328189	8,335739	8,341437	8,505734	8,518504	8,567513	8,603311	8,623149	8,657752	8,678651	8,741339	8,756095	0,000000	0,000000	0,000000	0,000000	0,000000	0,000000	0,000000	0,000000	0,000000	0,000000	0,000000
8,394340	0,228673	7,991293	8,011987	8,048118	8,327650	8,336394	8,350919	8,356868	8,382816	8,391742	8,435645	8,460907	8,522477	8,595616	8,669617	8,683652	8,743739	0,000000	0,000000	0,000000	0,000000	0,000000	0,000000	0,000000	0,000000	0,000000	0,000000
8,399742	0,302533	7,985556	7,998865	8,009986	8,016889	8,147697	8,244023	8,292204	8,306069	8,337639	8,415212	8,429746	8,443040	8,640571	8,739984	8,768304	8,773811	8,786803	8,858951	0,000000	0,000000	0,000000	0,000000	0,000000	0,000000	0,000000	0,000000
8,392374	0,246549	8,038493	8,071727	8,172626	8,348701	8,470902	8,505731	8,610153	8,624373	8,688654	0,000000	0,000000	0,000000	0,000000	0,000000	0,000000	0,000000	0,000000	0,000000	0,000000	0,000000	0,000000	0,000000	0,000000	0,000000	0,000000	0,000000
8,427903	0,274787	8,000816	8,032726	8,083746	8,258591	8,305262	8,314235	8,344733	8,352962	8,377822	8,477450	8,490070	8,593087	8,746044	8,804530	8,818307	8,846061	0,000000	0,000000	0,000000	0,000000	0,000000	0,000000	0,000000	0,000000	0,000000	0,000000
8,459892	0,224185	8,122253	8,166514	8,206700	8,212820	8,301731	8,318307	8,331200	8,375665	8,439632	8,447505	8,465523	8,527895	8,620533	8,697783	8,709305	8,718162	8,783628	8,832895	0,000000	0,000000	0,000000	0,000000	0,000000	0,000000	0,000000	0,000000
8,389347	0,316443	8,000004	8,009992	8,059487	8,087700	8,116634	8,166130	8,183883	8,435910	8,468092	8,566775	8,617059	8,639458	8,796084	8,810931	8,882067	0,000000	0,000000	0,000000	0,000000	0,000000	0,000000	0,000000	0,000000	0,000000	0,000000	0,000000
8,479964	0,287140	7,996238	8,032835	8,181149	8,272231	8,278908	8,286435	8,305069	8,327037	8,349800	8,463551	8,510989	8,547290	8,632608	8,684268	8,787494	8,801463	8,851889	8,889152	8,920902	0,000000	0,000000	0,000000	0,000000	0,000000	0,000000	0,000000
8,285920	0,196994	7,972689	7,988189	8,151061	8,164854	8,243116	8,288824	8,296465	8,310513	8,429319	8,490447	8,496909	8,598658	0,000000	0,000000	0,000000	0,000000	0,000000	0,000000	0,000000	0,000000	0,000000	0,000000	0,000000	0,000000	0,000000	0,000000
8,499881	0,301707	7,998460	8,040832	8,123257	8,137534	8,202490	8,552452	8,632273	8,667923	8,677544	8,693537	8,702459	8,723706	8,752237	8,765409	8,828102	0,000000	0,000000	0,000000	0,000000	0,000000	0,000000	0,000000	0,000000	0,000000	0,000000	0,000000
8,309892	0,261551	7,991960	8,007185	8,024027	8,149419	8,449195	8,481428	8,502035	8,558013	8,625767	0,000000	0,000000	0,000000	0,000000	0,000000	0,000000	0,000000	0,000000	0,000000	0,000000	0,000000	0,000000	0,000000	0,000000	0,000000	0,000000	0,000000
8,380633	0,312616	7,982260	7,992610	8,008244	8,014669	8,030639	8,085502	8,268833	8,273167	8,349190	8,393186	8,399843	8,414714	8,453984	8,625747	8,647091	8,747924	8,764159	8,849533	8,930732	0,000000	0,000000	0,000000	0,000000	0,000000	0,000000	0,000000
8,373179	0,271154	8,006791	8,024697	8,146425	8,191530	8,216233	8,312063	8,403383	8,466832	8,481294	8,684473	8,729921	8,814504	0,000000	0,000000	0,000000	0,000000	0,000000	0,000000	0,000000	0,000000	0,000000	0,000000	0,000000	0,000000	0,000000	0,000000
8,253894	0,253108	7,976410	7,996456	8,010811	8,050148	8,188286	8,219965	8,242572	8,273845	8,542551	8,637852	8,653936	0,000000	0,000000	0,000000	0,000000	0,000000	0,000000	0,000000	0,000000	0,000000	0,000000	0,000000	0,000000	0,000000	0,000000	0,000000
8,338876	0,308474	7,976846	8,014190	8,028547	8,073557	8,105265	8,130696	8,300014	8,327137	8,347918	8,480660	8,542404	8,696615	8,836518	8,883899	0,000000	0,000000	0,000000	0,000000	0,000000	0,000000	0,000000	0,000000	0,000000	0,000000	0,000000	0,000000
8,382615	0,266628	7,993594	8,000145	8,034414	8,085074	8,149347	8,407431	8,431357	8,437954	8,458313	8,464694	8,509931	8,604199	8,680075	8,697962	8,784736	0,000000	0,000000	0,000000	0,000000	0,000000	0,000000	0,000000	0,000000	0,000000	0,000000	0,000000
8,289430	0,315111	7,989701	7,999630	8,017614	8,082737	8,288565	8,520453	8,697386	8,719355	0,000000	0,000000	0,000000	0,000000	0,000000	0,000000	0,000000	0,000000	0,000000	0,000000	0,000000	0,000000	0,000000	0,000000	0,000000	0,000000	0,000000	0,000000
8,641873	0,214108	8,191598	8,302244	8,416602	8,430740	8,616189	8,644740	8,672757	8,693095	8,705265	8,721087	8,810710	8,819793	8,855565	8,860111	8,887602	0,000000	0,000000	0,000000	0,000000	0,000000	0,000000	0,000000	0,000000	0,000000	0,000000	0,000000
8,264512	0,200039	7,985055	7,995925	8,042534	8,071643	8,309935	8,316264	8,375895	8,421421	8,435976	8,449529	8,505449	0,000000	0,000000	0,000000	0,000000	0,000000	0,000000	0,000000	0,000000	0,000000	0,000000	0,000000	0,000000	0,000000	0,000000	0,000000
8,419439	0,194169	7,985527	8,188748	8,258054	8,272141	8,291820	8,448236	8,456096	8,469783	8,525002	8,533640	8,558492	8,580020	8,619605	8,684986	0,000000	0,000000	0,000000	0,000000	0,000000	0,000000	0,000000	0,000000	0,000000	0,000000	0,000000	0,000000
8,431415	0,259728	8,045296	8,067384	8,214993	8,249147	8,324232	8,381239	8,394662	8,475837	8,489951	8,564007	8,780608	8,802620	8,818419	0,000000	0,000000	0,000000	0,000000	0,000000	0,000000	0,000000	0,000000	0,000000	0,000000	0,000000	0,000000	0,000000
8,461110	0,265684	7,980002	7,991011	8,197038	8,248439	8,256740	8,299638	8,307460	8,361025	8,390728	8,447235	8,547076	8,592417	8,604830	8,639887	8,707079	8,757893	8,765546	8,815426	8,851625	0,000000	0,000000	0,000000	0,000000	0,000000	0,000000	0,000000
8,296544	0,208082	7,989613	8,058962	8,065140	8,241665	8,309185	8,381765	8,395541	8,411543	8,462805	8,649220	0,000000	0,000000	0,000000	0,000000	0,000000	0,000000	0,000000	0,000000	0,000000	0,000000	0,000000	0,000000	0,000000	0,000000	0,000000	0,000000
8,209961	0,285392	8,012307	8,074819	8,084648	8,097592	8,213367	8,777034	0,000000	0,000000	0,000000	0,000000	0,000000	0,000000	0,000000	0,000000	0,000000	0,000000	0,000000	0,000000	0,000000	0,000000	0,000000	0,000000	0,000000	0,000000	0,000000	0,000000
8,381415	0,278502	8,001302	8,025631	8,032589	8,047313	8,136800	8,276191	8,286219	8,304761	8,335455	8,348132	8,390708	8,424723	8,465205	8,719450	8,727065	8,757068	8,763492	8,823359	0,000000	0,000000	0,000000	0,000000	0,000000	0,000000	0,000000	0,000000
8,270495	0,259533	8,005122	8,060025	8,073889	8,084128	8,118287	8,320005	8,484926	8,637463	8,650608	0,000000	0,000000	0,000000	0,000000	0,000000	0,000000	0,000000	0,000000	0,000000	0,000000	0,000000	0,000000	0,000000	0,000000	0,000000	0,000000	0,000000
8,086621	0,107427	7,991730	7,998564	8,005366	8,065795	8,089091	8,102761	8,116797	8,322866	0,000000	0,000000	0,000000	0,000000	0,000000	0,000000	0,000000	0,000000	0,000000	0,000000	0,000000	0,000000	0,000000	0,000000	0,000000	0,000000	0,000000	0,000000
8,365830	0,317027	8,007420	8,058125	8,161588	8,267884	8,386172	8,392865	8,782139	8,870446	0,000000	0,000000	0,000000	0,000000	0,000000	0,000000	0,000000	0,000000	0,000000	0,000000	0,000000	0,000000	0,000000	0,000000	0,000000	0,000000	0,000000	0,000000
8,383904	0,317879	8,066543	8,156190	8,170392	8,183149	8,514109	8,738759	8,858186	0,000000	0,000000	0,000000	0,000000	0,000000	0,000000	0,000000	0,000000	0,000000	0,000000	0,000000	0,000000	0,000000	0,000000	0,000000	0,000000	0,000000	0,000000	0,000000
8,462574	0,300348	8,055712	8,091013	8,151542	8,177380	8,371416	8,397798	8,473975	8,616284	8,725833	8,822415	8,830614	8,836903	0,000000	0,000000	0,000000	0,000000	0,000000	0,000000	0,000000	0,000000	0,000000	0,000000	0,000000	0,000000	0,000000	0,000000
8,496228	0,317699	7,990538	8,023967	8,134847	8,547122	8,622010	8,672926	8,686457	8,727674	8,763371	8,793368	0,000000	0,000000	0,000000	0,000000	0,000000	0,000000	0,000000	0,000000	0,000000	0,000000	0,000000	0,000000	0,000000	0,000000	0,000000	0,000000
8,284199	0,267818	7,993558	8,074960	8,089038	8,270126	8,283744	8,561277	8,716690	0,000000	0,000000	0,000000	0,000000	0,000000	0,000000	0,000000	0,000000	0,000000	0,000000	0,000000	0,000000	0,000000	0,000000	0,000000	0,000000	0,000000	0,000000	0,000000
