8,300833	0,272859	7,970462	7,980490	7,986762	7,993629	8,028405	8,073869	8,132060	8,146904	8,309218	8,328366	8,348262	8,372031	8,521856	8,548210	8,588439	8,595768	8,733034	8,757237	0,000000	0,000000	0,000000	0,000000	0,000000	0,000000	0,000000	0,000000	0,000000	0,000000	0,000000	0,000000	0,000000	0,000000
8,299687	0,211113	7,980340	7,997158	8,051674	8,100286	8,153863	8,208818	8,232204	8,293031	8,334040	8,377791	8,384359	8,397203	8,500008	8,513080	8,588752	8,682378	0,000000	0,000000	0,000000	0,000000	0,000000	0,000000	0,000000	0,000000	0,000000	0,000000	0,000000	0,000000	0,000000	0,000000	0,000000	0,000000
8,344960	0,246348	7,995987	8,058557	8,104288	8,130993	8,197401	8,289129	8,305517	8,336261	8,346350	8,388818	8,567879	8,596440	8,722173	8,789651	0,000000	0,000000	0,000000	0,000000	0,000000	0,000000	0,000000	0,000000	0,000000	0,000000	0,000000	0,000000	0,000000	0,000000	0,000000	0,000000	0,000000	0,000000
8,368488	0,269856	7,981390	8,053422	8,086353	8,106756	8,112288	8,119163	8,132832	8,198405	8,274955	8,332504	8,348612	8,399566	8,484211	8,498235	8,571014	8,637887	8,668851	8,759318	8,795411	8,808588	0,000000	0,000000	0,000000	0,000000	0,000000	0,000000	0,000000	0,000000	0,000000	0,000000	0,000000	0,000000
8,308922	0,255239	7,994121	8,006150	8,021042	8,035387	8,053424	8,087545	8,249900	8,258394	8,298648	8,424533	8,454137	8,540656	8,560880	8,629251	8,637765	8,690917	0,000000	0,000000	0,000000	0,000000	0,000000	0,000000	0,000000	0,000000	0,000000	0,000000	0,000000	0,000000	0,000000	0,000000	0,000000	0,000000
8,421766	0,307759	7,981669	7,990913	8,030710	8,037189	8,100828	8,142423	8,206283	8,262523	8,349971	8,442536	8,491699	8,530760	8,544107	8,650761	8,725748	8,745888	8,757501	8,765009	8,836282	8,842531	0,000000	0,000000	0,000000	0,000000	0,000000	0,000000	0,000000	0,000000	0,000000	0,000000	0,000000	0,000000
8,362220	0,282777	7,981687	7,992390	8,007439	8,019788	8,036066	8,054471	8,064723	8,074647	8,112143	8,121537	8,182641	8,274616	8,343734	8,417956	8,443319	8,474090	8,493743	8,552305	8,614651	8,621235	8,630577	8,644754	8,652821	8,716479	8,738902	8,749349	8,763864	0,000000	0,000000	0,000000	0,000000	0,000000
8,356654	0,239804	7,990001	8,002673	8,103571	8,220155	8,253760	8,295467	8,380163	8,458279	8,468018	8,495703	8,536921	8,708978	8,722816	0,000000	0,000000	0,000000	0,000000	0,000000	0,000000	0,000000	0,000000	0,000000	0,000000	0,000000	0,000000	0,000000	0,000000	0,000000	0,000000	0,000000	0,000000	0,000000
8,347493	0,250403	7,997261	8,009613	8,016004	8,023229	8,059535	8,091161	8,097608	8,166208	8,222342	8,244864	8,299027	8,304700	8,345109	8,394379	8,407816	8,430784	8,481242	8,496722	8,565267	8,573945	8,593370	8,634482	8,662159	8,754052	8,816435	0,000000	0,000000	0,000000	0,000000	0,000000	0,000000	0,000000
8,294030	0,227284	7,985070	8,000377	8,036080	8,056650	8,063147	8,091725	8,101120	8,113256	8,123760	8,137629	8,282959	8,327474	8,351702	8,383460	8,401603	8,413638	8,434041	8,455113	8,510447	8,517808	8,566252	8,599723	8,809646	0,000000	0,000000	0,000000	0,000000	0,000000	0,000000	0,000000	0,000000	0,000000
8,446036	0,187000	7,993157	8,168646	8,307654	8,316913	8,380222	8,395877	8,424232	8,429307	8,496407	8,509035	8,555017	8,579136	8,594045	8,643086	8,662293	8,681542	0,000000	0,000000	0,000000	0,000000	0,000000	0,000000	0,000000	0,000000	0,000000	0,000000	0,000000	0,000000	0,000000	0,000000	0,000000	0,000000
8,383787	0,292530	7,979634	8,008021	8,020546	8,028792	8,100603	8,165955	8,287370	8,351825	8,358636	8,384115	8,416315	8,496204	8,554990	8,640758	8,663505	8,775425	8,817031	8,858435	0,000000	0,000000	0,000000	0,000000	0,000000	0,000000	0,000000	0,000000	0,000000	0,000000	0,000000	0,000000	0,000000	0,000000
8,350186	0,258919	7,971217	7,989661	8,008057	8,053096	8,075649	8,119558	8,205999	8,269972	8,330045	8,342395	8,373433	8,417344	8,451571	8,512367	8,527091	8,536614	8,609136	8,635805	8,783188	8,791516	0,000000	0,000000	0,000000	0,000000	0,000000	0,000000	0,000000	0,000000	0,000000	0,000000	0,000000	0,000000
8,391592	0,267728	7,986063	8,012875	8,050805	8,104036	8,152442	8,201012	8,253812	8,346177	8,365845	8,385513	8,450259	8,466674	8,491551	8,511324	8,557932	8,674617	8,779833	8,801326	8,848156	0,000000	0,000000	0,000000	0,000000	0,000000	0,000000	0,000000	0,000000	0,000000	0,000000	0,000000	0,000000	0,000000
8,383806	0,313323	7,977223	7,994540	8,005561	8,013714	8,045687	8,139620	8,183019	8,221385	8,228457	8,268096	8,292319	8,494607	8,665450	8,673117	8,679937	8,686741	8,722842	8,732161	8,822387	8,829261	0,000000	0,000000	0,000000	0,000000	0,000000	0,000000	0,000000	0,000000	0,000000	0,000000	0,000000	0,000000
8,356324	0,290632	7,971580	7,980092	7,995960	8,035419	8,106082	8,161415	8,185430	8,192862	8,239013	8,350083	8,418122	8,432598	8,476372	8,540103	8,587527	8,691742	8,730939	8,819311	8,855495	0,000000	0,000000	0,000000	0,000000	0,000000	0,000000	0,000000	0,000000	0,000000	0,000000	0,000000	0,000000	0,000000
8,372111	0,263819	8,012783	8,054145	8,059372	8,067948	8,085854	8,097996	8,105814	8,118626	8,228680	8,281059	8,349439	8,397657	8,442984	8,456117	8,523432	8,540528	8,552667	8,580351	8,590644	8,665625	8,698952	8,818809	8,829066	0,000000	0,000000	0,000000	0,000000	0,000000	0,000000	0,000000	0,000000	0,000000
8,468148	0,264196	7,988166	8,005980	8,018657	8,087791	8,331748	8,402713	8,416604	8,433746	8,469440	8,488184	8,516876	8,553072	8,589846	8,641072	8,664941	8,687602	8,695422	8,743241	8,794909	8,832941	0,000000	0,000000	0,000000	0,000000	0,000000	0,000000	0,000000	0,000000	0,000000	0,000000	0,000000	0,000000
8,423199	0,265888	7,970369	8,126212	8,148683	8,204811	8,246138	8,252245	8,279066	8,342346	8,377433	8,538383	8,554392	8,718334	8,729921	8,750174	8,759575	8,773103	0,000000	0,000000	0,000000	0,000000	0,000000	0,000000	0,000000	0,000000	0,000000	0,000000	0,000000	0,000000	0,000000	0,000000	0,000000	0,000000
8,293658	0,219042	7,987717	7,993613	8,008384	8,030405	8,041532	8,103157	8,167502	8,203916	8,217340	8,246182	8,255377	8,310819	8,363766	8,389324	8,467727	8,487624	8,542463	8,561740	8,567462	8,599000	8,621761	0,000000	0,000000	0,000000	0,000000	0,000000	0,000000	0,000000	0,000000	0,000000	0,000000	0,000000
8,385995	0,279020	7,981981	7,989756	8,003829	8,025082	8,305353	8,365041	8,374574	8,411182	8,451413	8,511139	8,526310	8,582823	8,723717	8,762522	8,775200	0,000000	0,000000	0,000000	0,000000	0,000000	0,000000	0,000000	0,000000	0,000000	0,000000	0,000000	0,000000	0,000000	0,000000	0,000000	0,000000	0,000000
8,169791	0,120307	7,995493	8,009061	8,073084	8,113307	8,129354	8,139077	8,231778	8,248420	8,262459	8,304355	8,361317	0,000000	0,000000	0,000000	0,000000	0,000000	0,000000	0,000000	0,000000	0,000000	0,000000	0,000000	0,000000	0,000000	0,000000	0,000000	0,000000	0,000000	0,000000	0,000000	0,000000	0,000000
8,337942	0,306551	7,975626	7,987469	7,994214	8,000665	8,026302	8,165305	8,170660	8,186330	8,264719	8,285991	8,309939	8,411435	8,583398	8,636996	8,651284	8,792704	8,815688	8,824240	0,000000	0,000000	0,000000	0,000000	0,000000	0,000000	0,000000	0,000000	0,000000	0,000000	0,000000	0,000000	0,000000	0,000000
8,372353	0,265851	7,982533	8,014760	8,037803	8,051020	8,076724	8,130253	8,218041	8,268986	8,295076	8,311683	8,381216	8,421472	8,460728	8,480963	8,487834	8,568776	8,628423	8,673428	8,717723	8,768775	8,843206	0,000000	0,000000	0,000000	0,000000	0,000000	0,000000	0,000000	0,000000	0,000000	0,000000	0,000000
8,292692	0,178544	8,011973	8,107685	8,115272	8,161902	8,170612	8,182865	8,228468	8,299014	8,306567	8,332412	8,397837	8,423873	8,457054	8,524033	8,670820	0,000000	0,000000	0,000000	0,000000	0,000000	0,000000	0,000000	0,000000	0,000000	0,000000	0,000000	0,000000	0,000000	0,000000	0,000000	0,000000	0,000000
8,465355	0,319355	7,998237	8,044463	8,055746	8,084348	8,110252	8,295502	8,314929	8,365816	8,594138	8,649071	8,661216	8,701214	8,758429	8,765549	8,822317	8,836475	8,853336	0,000000	0,000000	0,000000	0,000000	0,000000	0,000000	0,000000	0,000000	0,000000	0,000000	0,000000	0,000000	0,000000	0,000000	0,000000
8,307507	0,229512	7,983970	8,000864	8,005632	8,015756	8,100643	8,125224	8,209909	8,228404	8,344598	8,356982	8,392906	8,402573	8,470268	8,506747	8,541847	8,587869	8,618920	8,642009	0,000000	0,000000	0,000000	0,000000	0,000000	0,000000	0,000000	0,000000	0,000000	0,000000	0,000000	0,000000	0,000000	0,000000
8,364734	0,263666	7,972102	7,986361	8,009673	8,025113	8,128304	8,146580	8,171466	8,192170	8,308153	8,339636	8,378818	8,391428	8,437881	8,451952	8,475424	8,492911	8,533583	8,560430	8,626014	8,762558	8,784362	8,849242	0,000000	0,000000	0,000000	0,000000	0,000000	0,000000	0,000000	0,000000	0,000000	0,000000
8,349802	0,273992	7,984353	8,012060	8,025469	8,048173	8,072964	8,108587	8,127462	8,198982	8,214455	8,239833	8,445943	8,460433	8,489704	8,522277	8,588583	8,598848	8,631168	8,645381	8,787464	8,793906	0,000000	0,000000	0,000000	0,000000	0,000000	0,000000	0,000000	0,000000	0,000000	0,000000	0,000000	0,000000
8,276082	0,246871	7,967443	8,017952	8,052187	8,060745	8,073066	8,084055	8,091631	8,104059	8,124727	8,194169	8,211385	8,244456	8,265859	8,353130	8,444627	8,618119	8,625277	8,645463	8,659234	8,684049	0,000000	0,000000	0,000000	0,000000	0,000000	0,000000	0,000000	0,000000	0,000000	0,000000	0,000000	0,000000
8,466755	0,267498	7,977540	8,003582	8,014021	8,399812	8,449883	8,458529	8,475143	8,489062	8,493879	8,535217	8,548560	8,570846	8,602035	8,798124	8,821944	8,829904	0,000000	0,000000	0,000000	0,000000	0,000000	0,000000	0,000000	0,000000	0,000000	0,000000	0,000000	0,000000	0,000000	0,000000	0,000000	0,000000
8,366162	0,284830	7,974580	7,984457	7,999981	8,075472	8,126757	8,198664	8,396856	8,414549	8,459438	8,504830	8,563839	8,610993	8,651070	8,730117	8,800823	0,000000	0,000000	0,000000	0,000000	0,000000	0,000000	0,000000	0,000000	0,000000	0,000000	0,000000	0,000000	0,000000	0,000000	0,000000	0,000000	0,000000
8,217611	0,189216	8,003119	8,062916	8,125946	8,136048	8,226338	8,279372	8,294863	8,612286	0,000000	0,000000	0,000000	0,000000	0,000000	0,000000	0,000000	0,000000	0,000000	0,000000	0,000000	0,000000	0,000000	0,000000	0,000000	0,000000	0,000000	0,000000	0,000000	0,000000	0,000000	0,000000	0,000000	0,000000
8,338615	0,255089	7,971595	7,993983	8,049120	8,211972	8,227316	8,234461	8,303079	8,328161	8,337039	8,460705	8,508668	8,606371	8,693806	8,814334	0,000000	0,000000	0,000000	0,000000	0,000000	0,000000	0,000000	0,000000	0,000000	0,000000	0,000000	0,000000	0,000000	0,000000	0,000000	0,000000	0,000000	0,000000
8,337829	0,327538	7,974377	7,982173	7,991971	8,001765	8,015672	8,040320	8,069850	8,176137	8,218390	8,288309	8,337315	8,383560	8,417281	8,603863	8,644372	8,708130	8,750605	8,864791	8,949877	0,000000	0,000000	0,000000	0,000000	0,000000	0,000000	0,000000	0,000000	0,000000	0,000000	0,000000	0,000000	0,000000
8,442647	0,225548	7,987211	8,246995	8,258946	8,268274	8,367887	8,388038	8,398062	8,413749	8,519688	8,536549	8,581360	8,591468	8,815060	8,823769	0,000000	0,000000	0,000000	0,000000	0,000000	0,000000	0,000000	0,000000	0,000000	0,000000	0,000000	0,000000	0,000000	0,000000	0,000000	0,000000	0,000000	0,000000
8,370862	0,300992	7,995180	8,006336	8,021140	8,044669	8,099206	8,164457	8,294624	8,413257	8,460484	8,504357	8,548405	8,730631	8,747510	8,757916	8,774759	0,000000	0,000000	0,000000	0,000000	0,000000	0,000000	0,000000	0,000000	0,000000	0,000000	0,000000	0,000000	0,000000	0,000000	0,000000	0,000000	0,000000
8,352093	0,259384	7,986275	7,998731	8,072589	8,220043	8,232764	8,311872	8,342511	8,378035	8,429732	8,472406	8,571903	8,756040	8,804307	0,000000	0,000000	0,000000	0,000000	0,000000	0,000000	0,000000	0,000000	0,000000	0,000000	0,000000	0,000000	0,000000	0,000000	0,000000	0,000000	0,000000	0,000000	0,000000
8,435005	0,338055	7,968888	7,979844	7,988881	8,004076	8,115628	8,275569	8,313614	8,467954	8,584805	8,625272	8,685615	8,707331	8,779534	8,806687	8,819026	8,837357	0,000000	0,000000	0,000000	0,000000	0,000000	0,000000	0,000000	0,000000	0,000000	0,000000	0,000000	0,000000	0,000000	0,000000	0,000000	0,000000
8,385284	0,232600	7,974669	8,020051	8,092471	8,135132	8,208214	8,248846	8,306043	8,371646	8,391548	8,404353	8,413207	8,437886	8,453116	8,531291	8,563243	8,580875	8,656873	8,718165	8,812763	0,000000	0,000000	0,000000	0,000000	0,000000	0,000000	0,000000	0,000000	0,000000	0,000000	0,000000	0,000000	0,000000
8,283335	0,289208	7,976611	7,984676	7,996969	8,011230	8,020678	8,040468	8,067729	8,076178	8,259675	8,473281	8,508851	8,530708	8,570136	8,597368	8,657910	8,760890	0,000000	0,000000	0,000000	0,000000	0,000000	0,000000	0,000000	0,000000	0,000000	0,000000	0,000000	0,000000	0,000000	0,000000	0,000000	0,000000
8,219571	0,226073	7,963718	7,980072	7,994105	8,035202	8,040448	8,076160	8,240244	8,249153	8,256587	8,273932	8,380262	8,396465	8,418817	8,768826	0,000000	0,000000	0,000000	0,000000	0,000000	0,000000	0,000000	0,000000	0,000000	0,000000	0,000000	0,000000	0,000000	0,000000	0,000000	0,000000	0,000000	0,000000
8,364254	0,322396	7,973507	7,984938	8,000487	8,043825	8,063583	8,072653	8,092199	8,194122	8,426055	8,496427	8,531463	8,551303	8,655557	8,729188	8,776423	8,782277	8,818313	0,000000	0,000000	0,000000	0,000000	0,000000	0,000000	0,000000	0,000000	0,000000	0,000000	0,000000	0,000000	0,000000	0,000000	0,000000
8,423389	0,278431	7,986477	8,122977	8,141154	8,147973	8,185468	8,292822	8,316883	8,346420	8,377052	8,491978	8,560163	8,626939	8,685465	8,801086	8,833645	8,857720	0,000000	0,000000	0,000000	0,000000	0,000000	0,000000	0,000000	0,000000	0,000000	0,000000	0,000000	0,000000	0,000000	0,000000	0,000000	0,000000
8,324230	0,300923	7,995079	8,012604	8,020165	8,057267	8,067837	8,091569	8,111740	8,172154	8,272454	8,317215	8,533703	8,631576	8,661436	8,705349	8,715152	8,822373	0,000000	0,000000	0,000000	0,000000	0,000000	0,000000	0,000000	0,000000	0,000000	0,000000	0,000000	0,000000	0,000000	0,000000	0,000000	0,000000
8,315366	0,240622	7,973873	7,997561	8,011080	8,091275	8,114864	8,173888	8,191669	8,202750	8,241986	8,254556	8,303560	8,360237	8,370015	8,498249	8,571554	8,603816	8,630727	8,672960	8,727343	0,000000	0,000000	0,000000	0,000000	0,000000	0,000000	0,000000	0,000000	0,000000	0,000000	0,000000	0,000000	0,000000
8,448823	0,276319	7,994487	8,047469	8,101478	8,121171	8,208215	8,244067	8,263911	8,272176	8,516851	8,524857	8,542554	8,612313	8,640981	8,658917	8,684759	8,718529	8,732139	8,808216	8,834554	0,000000	0,000000	0,000000	0,000000	0,000000	0,000000	0,000000	0,000000	0,000000	0,000000	0,000000	0,000000	0,000000
8,368455	0,280915	7,985346	7,993579	8,044293	8,075561	8,085052	8,131510	8,152293	8,200525	8,222867	8,240118	8,400350	8,430606	8,463057	8,500122	8,546367	8,582914	8,598306	8,662595	8,731229	8,755225	8,935630	0,000000	0,000000	0,000000	0,000000	0,000000	0,000000	0,000000	0,000000	0,000000	0,000000	0,000000
8,384586	0,247075	7,990244	8,012212	8,051108	8,139342	8,180768	8,230937	8,246806	8,261473	8,313527	8,319415	8,331907	8,364710	8,378910	8,405559	8,417305	8,429518	8,466559	8,487826	8,628478	8,746438	8,791176	8,821904	8,829346	0,000000	0,000000	0,000000	0,000000	0,000000	0,000000	0,000000	0,000000	0,000000
8,385274	0,287376	7,980001	8,005273	8,049575	8,065741	8,212662	8,221036	8,319342	8,361896	8,484512	8,551591	8,609760	8,678916	8,697538	8,735650	8,805613	0,000000	0,000000	0,000000	0,000000	0,000000	0,000000	0,000000	0,000000	0,000000	0,000000	0,000000	0,000000	0,000000	0,000000	0,000000	0,000000	0,000000
8,422508	0,280331	7,998830	8,018931	8,088188	8,192233	8,247254	8,317503	8,361945	8,414210	8,508355	8,516661	8,559856	8,730369	8,752828	8,808251	8,822207	0,000000	0,000000	0,000000	0,000000	0,000000	0,000000	0,000000	0,000000	0,000000	0,000000	0,000000	0,000000	0,000000	0,000000	0,000000	0,000000	0,000000
8,425254	0,304437	7,997965	8,017849	8,043745	8,074044	8,094486	8,125398	8,225263	8,265163	8,271602	8,298480	8,352282	8,422458	8,442024	8,476404	8,543702	8,592846	8,600827	8,618127	8,638713	8,672509	8,679960	8,721725	8,754914	9,275601	0,000000	0,000000	0,000000	0,000000	0,000000	0,000000	0,000000	0,000000
8,379981	0,279961	7,995567	8,014742	8,076007	8,095966	8,106974	8,136916	8,169376	8,224830	8,285839	8,322932	8,341238	8,362348	8,505057	8,604425	8,641190	8,671703	8,694595	8,707810	8,775862	8,866241	0,000000	0,000000	0,000000	0,000000	0,000000	0,000000	0,000000	0,000000	0,000000	0,000000	0,000000	0,000000
8,333460	0,287849	7,969473	7,990158	8,004951	8,122161	8,162556	8,248139	8,280062	8,414331	8,465936	8,499692	8,571085	8,767834	8,838604	0,000000	0,000000	0,000000	0,000000	0,000000	0,000000	0,000000	0,000000	0,000000	0,000000	0,000000	0,000000	0,000000	0,000000	0,000000	0,000000	0,000000	0,000000	0,000000
8,370080	0,317395	7,964446	7,998024	8,009956	8,023582	8,028544	8,088891	8,255690	8,306341	8,422327	8,601508	8,635338	8,648962	8,685307	8,697418	8,741169	8,813776	0,000000	0,000000	0,000000	0,000000	0,000000	0,000000	0,000000	0,000000	0,000000	0,000000	0,000000	0,000000	0,000000	0,000000	0,000000	0,000000
8,381269	0,320884	7,984729	7,994155	8,019222	8,047554	8,105669	8,128677	8,169277	8,373356	8,403960	8,459131	8,553734	8,718153	8,737130	8,759575	8,809024	8,836958	0,000000	0,000000	0,000000	0,000000	0,000000	0,000000	0,000000	0,000000	0,000000	0,000000	0,000000	0,000000	0,000000	0,000000	0,000000	0,000000
8,361188	0,281450	7,983431	8,008049	8,032557	8,045971	8,076129	8,187249	8,361626	8,411996	8,494107	8,510691	8,561560	8,594813	8,672151	8,696382	8,781107	0,000000	0,000000	0,000000	0,000000	0,000000	0,000000	0,000000	0,000000	0,000000	0,000000	0,000000	0,000000	0,000000	0,000000	0,000000	0,000000	0,000000
8,375321	0,265302	7,973919	7,985952	7,998663	8,016904	8,023279	8,239448	8,283582	8,331352	8,356438	8,399344	8,452944	8,462829	8,476808	8,523634	8,547650	8,571258	8,630936	8,681614	8,711824	8,838046	0,000000	0,000000	0,000000	0,000000	0,000000	0,000000	0,000000	0,000000	0,000000	0,000000	0,000000	0,000000
8,357379	0,257122	8,003485	8,070110	8,076839	8,091112	8,098413	8,109380	8,131903	8,173659	8,236626	8,333384	8,362825	8,375124	8,391575	8,431056	8,501765	8,573121	8,593124	8,614165	8,728403	8,763759	8,845134	0,000000	0,000000	0,000000	0,000000	0,000000	0,000000	0,000000	0,000000	0,000000	0,000000	0,000000
8,331948	0,272332	7,971516	7,989290	7,998743	8,008630	8,018441	8,030350	8,042237	8,062077	8,124861	8,209551	8,254342	8,260330	8,282501	8,313789	8,350587	8,371847	8,395561	8,442388	8,455030	8,509172	8,552890	8,574776	8,699536	8,721471	8,744286	8,784037	8,794356	0,000000	0,000000	0,000000	0,000000	0,000000
8,289766	0,283338	7,976742	7,989956	8,009622	8,019651	8,043200	8,056501	8,070376	8,075912	8,142378	8,295384	8,302806	8,350674	8,556916	8,596439	8,633934	8,655030	8,681174	8,759086	0,000000	0,000000	0,000000	0,000000	0,000000	0,000000	0,000000	0,000000	0,000000	0,000000	0,000000	0,000000	0,000000	0,000000
8,378723	0,241469	7,988338	8,023563	8,046011	8,079712	8,188709	8,220052	8,234975	8,323227	8,363041	8,394116	8,441704	8,472028	8,506458	8,597518	8,620295	8,650531	8,664442	8,679841	8,701176	0,000000	0,000000	0,000000	0,000000	0,000000	0,000000	0,000000	0,000000	0,000000	0,000000	0,000000	0,000000	0,000000
8,298060	0,284362	7,990741	8,004238	8,014248	8,025789	8,038051	8,051783	8,067443	8,073571	8,198083	8,234089	8,275338	8,322042	8,427292	8,461440	8,532620	8,688026	8,718266	8,755202	8,784884	0,000000	0,000000	0,000000	0,000000	0,000000	0,000000	0,000000	0,000000	0,000000	0,000000	0,000000	0,000000	0,000000
8,293534	0,307848	7,973445	7,996164	8,010630	8,017724	8,071088	8,091168	8,112375	8,146122	8,201503	8,378854	8,498434	8,591764	8,732033	8,766405	8,815307	0,000000	0,000000	0,000000	0,000000	0,000000	0,000000	0,000000	0,000000	0,000000	0,000000	0,000000	0,000000	0,000000	0,000000	0,000000	0,000000	0,000000
8,382555	0,248171	7,989252	8,081985	8,141972	8,183873	8,194325	8,235054	8,264683	8,305285	8,351082	8,436101	8,528831	8,593470	8,617252	8,653742	8,735139	8,808835	0,000000	0,000000	0,000000	0,000000	0,000000	0,000000	0,000000	0,000000	0,000000	0,000000	0,000000	0,000000	0,000000	0,000000	0,000000	0,000000
8,376609	0,272314	7,976192	7,990649	8,005242	8,096850	8,129374	8,209343	8,261514	8,274331	8,320822	8,331432	8,461689	8,469041	8,474690	8,519671	8,610060	8,691360	8,726100	8,753067	8,854148	0,000000	0,000000	0,000000	0,000000	0,000000	0,000000	0,000000	0,000000	0,000000	0,000000	0,000000	0,000000	0,000000
8,224262	0,263165	7,989073	8,010825	8,082958	8,090553	8,105026	8,111453	8,185157	8,279772	8,616727	8,771076	0,000000	0,000000	0,000000	0,000000	0,000000	0,000000	0,000000	0,000000	0,000000	0,000000	0,000000	0,000000	0,000000	0,000000	0,000000	0,000000	0,000000	0,000000	0,000000	0,000000	0,000000	0,000000
8,405285	0,275503	7,977516	8,003923	8,084454	8,233642	8,286533	8,444551	8,573876	8,589421	8,613525	8,651477	8,694321	8,710181	0,000000	0,000000	0,000000	0,000000	0,000000	0,000000	0,000000	0,000000	0,000000	0,000000	0,000000	0,000000	0,000000	0,000000	0,000000	0,000000	0,000000	0,000000	0,000000	0,000000
8,395039	0,285149	7,984031	7,994221	8,022601	8,078463	8,098086	8,130371	8,166292	8,175280	8,195344	8,265486	8,334975	8,362336	8,391795	8,433559	8,476574	8,503857	8,637202	8,658863	8,698646	8,711973	8,721054	8,736274	8,835528	8,868130	0,000000	0,000000	0,000000	0,000000	0,000000	0,000000	0,000000	0,000000
8,363457	0,298936	7,985011	7,991571	7,998367	8,011489	8,191273	8,317558	8,356194	8,579490	8,590137	8,600330	8,659405	8,683881	8,760232	0,000000	0,000000	0,000000	0,000000	0,000000	0,000000	0,000000	0,000000	0,000000	0,000000	0,000000	0,000000	0,000000	0,000000	0,000000	0,000000	0,000000	0,000000	0,000000
8,380517	0,304295	7,978106	7,997331	8,007353	8,110623	8,153143	8,168342	8,187319	8,426891	8,455184	8,658621	8,672253	8,699112	8,707163	8,738690	8,747623	0,000000	0,000000	0,000000	0,000000	0,000000	0,000000	0,000000	0,000000	0,000000	0,000000	0,000000	0,000000	0,000000	0,000000	0,000000	0,000000	0,000000
8,353635	0,276394	7,980706	7,986166	7,999382	8,014580	8,030318	8,071848	8,107736	8,198422	8,337363	8,397271	8,420129	8,472110	8,509521	8,577957	8,611324	8,649760	8,661004	8,668804	8,681079	8,697229	0,000000	0,000000	0,000000	0,000000	0,000000	0,000000	0,000000	0,000000	0,000000	0,000000	0,000000	0,000000
8,422613	0,230443	7,998379	8,028711	8,254987	8,289682	8,303377	8,316888	8,322826	8,349632	8,377692	8,397611	8,534227	8,569934	8,589377	8,592333	8,686140	8,768052	8,804570	0,000000	0,000000	0,000000	0,000000	0,000000	0,000000	0,000000	0,000000	0,000000	0,000000	0,000000	0,000000	0,000000	0,000000	0,000000
8,265181	0,310321	7,976219	7,988924	7,997148	8,001842	8,245252	8,321335	8,458135	8,537014	8,860759	0,000000	0,000000	0,000000	0,000000	0,000000	0,000000	0,000000	0,000000	0,000000	0,000000	0,000000	0,000000	0,000000	0,000000	0,000000	0,000000	0,000000	0,000000	0,000000	0,000000	0,000000	0,000000	0,000000
8,367813	0,317393	7,982442	7,990392	8,000406	8,014135	8,025885	8,374351	8,481080	8,516616	8,620039	8,631181	8,656518	8,688867	8,799658	0,000000	0,000000	0,000000	0,000000	0,000000	0,000000	0,000000	0,000000	0,000000	0,000000	0,000000	0,000000	0,000000	0,000000	0,000000	0,000000	0,000000	0,000000	0,000000
8,414093	0,220726	7,999212	8,086552	8,099789	8,170966	8,354445	8,379251	8,415874	8,434386	8,443444	8,456580	8,468845	8,490876	8,538786	8,580727	8,588356	8,718489	8,813002	0,000000	0,000000	0,000000	0,000000	0,000000	0,000000	0,000000	0,000000	0,000000	0,000000	0,000000	0,000000	0,000000	0,000000	0,000000
8,354961	0,328190	7,990161	7,996188	8,007879	8,017307	8,030188	8,046659	8,087868	8,130516	8,146973	8,343406	8,428336	8,525623	8,546544	8,557244	8,571377	8,761109	8,775641	8,858237	8,922995	0,000000	0,000000	0,000000	0,000000	0,000000	0,000000	0,000000	0,000000	0,000000	0,000000	0,000000	0,000000	0,000000
8,255858	0,257798	7,973490	7,991368	7,998222	8,005203	8,020474	8,060244	8,100287	8,114579	8,168372	8,224958	8,252845	8,284015	8,313312	8,495304	8,576839	8,617878	8,643850	8,764210	0,000000	0,000000	0,000000	0,000000	0,000000	0,000000	0,000000	0,000000	0,000000	0,000000	0,000000	0,000000	0,000000	0,000000
8,363915	0,264307	7,988674	8,002462	8,013438	8,072434	8,084642	8,114320	8,234860	8,245058	8,282864	8,301158	8,424361	8,449658	8,466448	8,510239	8,580404	8,651956	8,663682	8,717729	8,723666	8,750246	0,000000	0,000000	0,000000	0,000000	0,000000	0,000000	0,000000	0,000000	0,000000	0,000000	0,000000	0,000000
8,505978	0,325519	7,990151	8,030339	8,105566	8,310814	8,458719	8,545827	8,616281	8,697485	8,793743	8,815986	8,822906	8,883917	0,000000	0,000000	0,000000	0,000000	0,000000	0,000000	0,000000	0,000000	0,000000	0,000000	0,000000	0,000000	0,000000	0,000000	0,000000	0,000000	0,000000	0,000000	0,000000	0,000000
8,369652	0,290540	7,977942	7,986219	8,003387	8,018151	8,026224	8,096260	8,366529	8,395740	8,411473	8,485025	8,539331	8,551488	8,607686	8,630713	8,677428	8,703922	8,806560	0,000000	0,000000	0,000000	0,000000	0,000000	0,000000	0,000000	0,000000	0,000000	0,000000	0,000000	0,000000	0,000000	0,000000	0,000000
8,487501	0,315339	7,943421	7,999844	8,033408	8,055849	8,194316	8,455603	8,542483	8,552143	8,568212	8,609624	8,665373	8,693027	8,754241	8,787551	8,794820	8,814623	8,822977	0,000000	0,000000	0,000000	0,000000	0,000000	0,000000	0,000000	0,000000	0,000000	0,000000	0,000000	0,000000	0,000000	0,000000	0,000000
8,383875	0,189123	8,052889	8,112917	8,133943	8,168991	8,216978	8,286291	8,329261	8,354660	8,369766	8,374133	8,397009	8,455645	8,479837	8,496283	8,541837	8,567887	8,600063	8,625611	8,729623	0,000000	0,000000	0,000000	0,000000	0,000000	0,000000	0,000000	0,000000	0,000000	0,000000	0,000000	0,000000	0,000000
8,443302	0,267497	7,976739	7,985378	8,006218	8,130932	8,145065	8,400201	8,483705	8,502638	8,533623	8,556833	8,581318	8,605928	8,628166	8,654583	8,676321	8,684231	8,698529	8,729024	0,000000	0,000000	0,000000	0,000000	0,000000	0,000000	0,000000	0,000000	0,000000	0,000000	0,000000	0,000000	0,000000	0,000000
8,244040	0,241874	7,972555	7,989622	8,003018	8,010943	8,030868	8,055517	8,073515	8,106275	8,114014	8,120578	8,134883	8,197744	8,295836	8,382067	8,434322	8,493384	8,535244	8,620255	8,631841	8,678329	0,000000	0,000000	0,000000	0,000000	0,000000	0,000000	0,000000	0,000000	0,000000	0,000000	0,000000	0,000000
8,468265	0,285207	8,016364	8,033032	8,074776	8,088572	8,202162	8,433284	8,469592	8,493547	8,512032	8,541343	8,592914	8,627438	8,662202	8,782646	8,793671	8,803869	8,833062	0,000000	0,000000	0,000000	0,000000	0,000000	0,000000	0,000000	0,000000	0,000000	0,000000	0,000000	0,000000	0,000000	0,000000	0,000000
8,421376	0,314215	8,006899	8,012448	8,026818	8,064104	8,125422	8,158854	8,181325	8,201747	8,267321	8,512181	8,559716	8,565185	8,698944	8,718164	8,724274	8,764044	8,775818	8,803780	8,839107	0,000000	0,000000	0,000000	0,000000	0,000000	0,000000	0,000000	0,000000	0,000000	0,000000	0,000000	0,000000	0,000000
8,415189	0,286595	7,998006	8,038779	8,060479	8,092418	8,119236	8,237748	8,247189	8,267697	8,345668	8,529187	8,606379	8,621784	8,633081	8,663093	8,688502	8,696625	8,769454	8,858068	0,000000	0,000000	0,000000	0,000000	0,000000	0,000000	0,000000	0,000000	0,000000	0,000000	0,000000	0,000000	0,000000	0,000000
8,460935	0,268399	7,997360	8,048471	8,130608	8,167426	8,193093	8,263668	8,317582	8,341721	8,407398	8,433613	8,491580	8,551088	8,660164	8,669276	8,675228	8,713759	8,728541	8,778987	8,815449	8,833692	0,000000	0,000000	0,000000	0,000000	0,000000	0,000000	0,000000	0,000000	0,000000	0,000000	0,000000	0,000000
8,358130	0,289769	7,976538	7,997703	8,060706	8,127089	8,136418	8,185491	8,224833	8,291454	8,380702	8,434511	8,453755	8,484252	8,545262	8,632398	8,818243	8,980721	0,000000	0,000000	0,000000	0,000000	0,000000	0,000000	0,000000	0,000000	0,000000	0,000000	0,000000	0,000000	0,000000	0,000000	0,000000	0,000000
8,411328	0,241265	8,036518	8,090477	8,171082	8,263351	8,287839	8,360885	8,505353	8,571622	8,607110	8,630964	8,653253	8,757484	0,000000	0,000000	0,000000	0,000000	0,000000	0,000000	0,000000	0,000000	0,000000	0,000000	0,000000	0,000000	0,000000	0,000000	0,000000	0,000000	0,000000	0,000000	0,000000	0,000000
8,286539	0,250663	7,982089	8,004384	8,049412	8,065194	8,103345	8,195651	8,223934	8,253532	8,338237	8,378036	8,443412	8,495553	8,700741	8,778028	0,000000	0,000000	0,000000	0,000000	0,000000	0,000000	0,000000	0,000000	0,000000	0,000000	0,000000	0,000000	0,000000	0,000000	0,000000	0,000000	0,000000	0,000000
8,360095	0,295486	7,981871	8,008953	8,033060	8,047931	8,062842	8,071204	8,088851	8,112555	8,148091	8,211270	8,265919	8,290822	8,330817	8,409274	8,460964	8,468054	8,538857	8,549381	8,556059	8,621771	8,810990	8,817365	8,845781	8,909584	0,000000	0,000000	0,000000	0,000000	0,000000	0,000000	0,000000	0,000000
8,428272	0,302344	7,993784	7,998323	8,116339	8,200469	8,260642	8,497487	8,509630	8,573034	8,650109	8,743603	8,785535	8,810305	0,000000	0,000000	0,000000	0,000000	0,000000	0,000000	0,000000	0,000000	0,000000	0,000000	0,000000	0,000000	0,000000	0,000000	0,000000	0,000000	0,000000	0,000000	0,000000	0,000000
8,460791	0,306944	7,987543	8,002369	8,021949	8,074617	8,088820	8,299170	8,318651	8,335430	8,344601	8,411926	8,459661	8,514707	8,624733	8,641261	8,673913	8,692788	8,763549	8,810581	8,816045	8,828125	8,966181	0,000000	0,000000	0,000000	0,000000	0,000000	0,000000	0,000000	0,000000	0,000000	0,000000	0,000000
8,357373	0,321954	7,546220	8,001582	8,018278	8,024910	8,121719	8,174716	8,248386	8,265454	8,383003	8,414620	8,436124	8,517329	8,531143	8,572333	8,609856	8,670484	8,683381	8,778430	8,792118	0,000000	0,000000	0,000000	0,000000	0,000000	0,000000	0,000000	0,000000	0,000000	0,000000	0,000000	0,000000	0,000000
8,392235	0,256892	7,982234	8,014871	8,028808	8,162303	8,169964	8,176636	8,316201	8,338767	8,432616	8,453480	8,469005	8,541510	8,564243	8,599853	8,609664	8,621528	8,773020	8,805533	0,000000	0,000000	0,000000	0,000000	0,000000	0,000000	0,000000	0,000000	0,000000	0,000000	0,000000	0,000000	0,000000	0,000000
8,330060	0,242854	8,003416	8,020524	8,037510	8,074091	8,120879	8,217108	8,238735	8,251776	8,312401	8,373044	8,388234	8,424225	8,455983	8,601771	8,613320	8,727664	8,750334	0,000000	0,000000	0,000000	0,000000	0,000000	0,000000	0,000000	0,000000	0,000000	0,000000	0,000000	0,000000	0,000000	0,000000	0,000000
8,412564	0,333428	7,988779	7,997403	8,029323	8,040710	8,453025	8,519708	8,579563	8,606254	8,735548	8,772772	8,815119	0,000000	0,000000	0,000000	0,000000	0,000000	0,000000	0,000000	0,000000	0,000000	0,000000	0,000000	0,000000	0,000000	0,000000	0,000000	0,000000	0,000000	0,000000	0,000000	0,000000	0,000000
8,313964	0,249913	7,981164	8,006394	8,012845	8,041872	8,063315	8,071566	8,188533	8,253333	8,260442	8,277008	8,299999	8,314846	8,328503	8,407750	8,469337	8,522083	8,625660	8,656500	8,720650	8,777487	0,000000	0,000000	0,000000	0,000000	0,000000	0,000000	0,000000	0,000000	0,000000	0,000000	0,000000	0,000000
8,363368	0,249590	7,969119	8,012835	8,121028	8,136211	8,144302	8,155518	8,191642	8,217834	8,252384	8,420967	8,450516	8,468855	8,509721	8,542740	8,549911	8,570261	8,618748	8,744992	8,826406	0,000000	0,000000	0,000000	0,000000	0,000000	0,000000	0,000000	0,000000	0,000000	0,000000	0,000000	0,000000	0,000000
8,270092	0,277342	7,989818	8,005780	8,020619	8,036602	8,050169	8,188380	8,295465	8,327584	8,390074	8,419084	8,696552	8,820980	0,000000	0,000000	0,000000	0,000000	0,000000	0,000000	0,000000	0,000000	0,000000	0,000000	0,000000	0,000000	0,000000	0,000000	0,000000	0,000000	0,000000	0,000000	0,000000	0,000000
8,199199	0,138281	8,033238	8,044928	8,063065	8,084503	8,096809	8,107060	8,135715	8,164804	8,179102	8,194077	8,201026	8,208376	8,253147	8,299086	8,362075	8,452725	8,506642	0,000000	0,000000	0,000000	0,000000	0,000000	0,000000	0,000000	0,000000	0,000000	0,000000	0,000000	0,000000	0,000000	0,000000	0,000000
8,399944	0,306750	7,993844	8,001765	8,032366	8,204386	8,211958	8,237064	8,251738	8,290453	8,337908	8,347760	8,442347	8,489754	8,520429	8,702938	8,864587	8,903894	8,965864	0,000000	0,000000	0,000000	0,000000	0,000000	0,000000	0,000000	0,000000	0,000000	0,000000	0,000000	0,000000	0,000000	0,000000	0,000000
8,261201	0,238608	7,989327	8,009723	8,036056	8,076716	8,139358	8,162997	8,177344	8,282866	8,297251	8,329401	8,574377	8,600667	8,719530	0,000000	0,000000	0,000000	0,000000	0,000000	0,000000	0,000000	0,000000	0,000000	0,000000	0,000000	0,000000	0,000000	0,000000	0,000000	0,000000	0,000000	0,000000	0,000000
8,187801	0,227461	7,958956	7,981449	7,988715	8,004773	8,031614	8,043065	8,057122	8,071146	8,086069	8,098866	8,106612	8,136361	8,152305	8,196191	8,230246	8,306121	8,321617	8,617855	8,677400	8,689528	0,000000	0,000000	0,000000	0,000000	0,000000	0,000000	0,000000	0,000000	0,000000	0,000000	0,000000	0,000000
8,291463	0,318719	7,968825	7,976408	7,984812	7,994666	8,003201	8,018380	8,024969	8,058908	8,115824	8,128333	8,171102	8,188255	8,219891	8,232489	8,355213	8,428638	8,583550	8,696216	8,782528	8,806904	8,817718	8,855356	0,000000	0,000000	0,000000	0,000000	0,000000	0,000000	0,000000	0,000000	0,000000	0,000000
8,314822	0,231928	7,986347	8,005651	8,019825	8,045975	8,059156	8,087032	8,111672	8,234024	8,368741	8,382566	8,391745	8,463482	8,469119	8,507507	8,514501	8,534408	8,541828	8,570359	8,687680	0,000000	0,000000	0,000000	0,000000	0,000000	0,000000	0,000000	0,000000	0,000000	0,000000	0,000000	0,000000	0,000000
8,332166	0,248464	7,977161	7,993115	8,014354	8,249912	8,267335	8,291489	8,342903	8,449280	8,489556	8,594660	8,610816	8,705414	0,000000	0,000000	0,000000	0,000000	0,000000	0,000000	0,000000	0,000000	0,000000	0,000000	0,000000	0,000000	0,000000	0,000000	0,000000	0,000000	0,000000	0,000000	0,000000	0,000000
8,331859	0,301430	7,991326	8,001480	8,101691	8,142914	8,177860	8,224688	8,587566	8,661959	8,687337	8,741774	0,000000	0,000000	0,000000	0,000000	0,000000	0,000000	0,000000	0,000000	0,000000	0,000000	0,000000	0,000000	0,000000	0,000000	0,000000	0,000000	0,000000	0,000000	0,000000	0,000000	0,000000	0,000000
8,334134	0,278757	7,987878	8,007974	8,028535	8,077875	8,198012	8,217857	8,230121	8,252761	8,262821	8,358715	8,565406	8,608442	8,625837	8,727989	8,861791	0,000000	0,000000	0,000000	0,000000	0,000000	0,000000	0,000000	0,000000	0,000000	0,000000	0,000000	0,000000	0,000000	0,000000	0,000000	0,000000	0,000000
8,327912	0,231392	7,994053	8,008360	8,221601	8,232953	8,278373	8,294655	8,313128	8,356225	8,367503	8,416959	8,614349	8,836780	0,000000	0,000000	0,000000	0,000000	0,000000	0,000000	0,000000	0,000000	0,000000	0,000000	0,000000	0,000000	0,000000	0,000000	0,000000	0,000000	0,000000	0,000000	0,000000	0,000000
8,384278	0,296158	8,010144	8,047468	8,094177	8,121102	8,155050	8,199141	8,210690	8,235448	8,254557	8,279759	8,507874	8,514014	8,690360	8,771514	8,797526	8,818543	8,825360	0,000000	0,000000	0,000000	0,000000	0,000000	0,000000	0,000000	0,000000	0,000000	0,000000	0,000000	0,000000	0,000000	0,000000	0,000000
8,552312	0,224904	8,135810	8,331722	8,374534	8,580472	8,615480	8,682069	8,697859	8,714571	8,838287	0,000000	0,000000	0,000000	0,000000	0,000000	0,000000	0,000000	0,000000	0,000000	0,000000	0,000000	0,000000	0,000000	0,000000	0,000000	0,000000	0,000000	0,000000	0,000000	0,000000	0,000000	0,000000	0,000000
8,345955	0,333388	7,998062	8,012331	8,018153	8,048465	8,062649	8,069958	8,079033	8,095022	8,244056	8,504315	8,677048	8,699869	8,731090	8,741219	8,747375	8,806637	0,000000	0,000000	0,000000	0,000000	0,000000	0,000000	0,000000	0,000000	0,000000	0,000000	0,000000	0,000000	0,000000	0,000000	0,000000	0,000000
8,430815	0,252878	7,985405	8,064987	8,265884	8,499904	8,509124	8,521553	8,531368	8,547124	8,554442	8,828360	0,000000	0,000000	0,000000	0,000000	0,000000	0,000000	0,000000	0,000000	0,000000	0,000000	0,000000	0,000000	0,000000	0,000000	0,000000	0,000000	0,000000	0,000000	0,000000	0,000000	0,000000	0,000000
8,379413	0,286027	7,976634	7,984339	7,990865	7,998674	8,160901	8,177224	8,212854	8,265800	8,294077	8,424235	8,429742	8,442160	8,607833	8,639621	8,667052	8,677714	8,710460	8,764113	8,784546	0,000000	0,000000	0,000000	0,000000	0,000000	0,000000	0,000000	0,000000	0,000000	0,000000	0,000000	0,000000	0,000000
8,418202	0,291912	7,973906	7,984739	7,997799	8,057434	8,141411	8,400586	8,449562	8,472984	8,557256	8,574772	8,583927	8,601330	8,653312	8,683319	8,696740	8,862160	0,000000	0,000000	0,000000	0,000000	0,000000	0,000000	0,000000	0,000000	0,000000	0,000000	0,000000	0,000000	0,000000	0,000000	0,000000	0,000000
8,358500	0,253758	7,981573	7,997444	8,056681	8,228554	8,243102	8,262411	8,378435	8,398306	8,418925	8,442046	8,495393	8,539400	8,772571	8,804157	0,000000	0,000000	0,000000	0,000000	0,000000	0,000000	0,000000	0,000000	0,000000	0,000000	0,000000	0,000000	0,000000	0,000000	0,000000	0,000000	0,000000	0,000000
8,444490	0,261293	7,976543	7,989562	8,091948	8,308831	8,407329	8,453903	8,469291	8,511107	8,521042	8,531625	8,546286	8,554033	8,629536	8,819586	8,856725	0,000000	0,000000	0,000000	0,000000	0,000000	0,000000	0,000000	0,000000	0,000000	0,000000	0,000000	0,000000	0,000000	0,000000	0,000000	0,000000	0,000000
8,307619	0,313282	7,984186	7,992167	8,005358	8,017830	8,042850	8,062826	8,207381	8,236479	8,292378	8,336054	8,492508	8,534370	8,675726	8,841615	8,892553	0,000000	0,000000	0,000000	0,000000	0,000000	0,000000	0,000000	0,000000	0,000000	0,000000	0,000000	0,000000	0,000000	0,000000	0,000000	0,000000	0,000000
8,443083	0,212979	7,970491	8,075511	8,139348	8,193943	8,221007	8,228202	8,252720	8,272584	8,290019	8,303644	8,310659	8,315729	8,381971	8,394193	8,412787	8,470155	8,488521	8,495588	8,509925	8,514647	8,564343	8,579025	8,586908	8,596695	8,616807	8,668312	8,670790	8,682165	8,695121	8,712262	8,770663	8,793930
8,398124	0,253587	7,985915	8,047060	8,113039	8,126035	8,281237	8,340939	8,355166	8,522108	8,534027	8,602655	8,630410	8,636741	8,678380	8,720029	0,000000	0,000000	0,000000	0,000000	0,000000	0,000000	0,000000	0,000000	0,000000	0,000000	0,000000	0,000000	0,000000	0,000000	0,000000	0,000000	0,000000	0,000000
8,352819	0,201091	7,986264	8,029857	8,118581	8,144432	8,169611	8,197393	8,299467	8,313084	8,338763	8,356269	8,391884	8,406196	8,414740	8,465567	8,472602	8,480936	8,516529	8,547634	8,644525	8,762051	0,000000	0,000000	0,000000	0,000000	0,000000	0,000000	0,000000	0,000000	0,000000	0,000000	0,000000	0,000000
8,375557	0,244745	7,996109	8,003360	8,092330	8,208089	8,306135	8,338338	8,346794	8,357062	8,428163	8,532450	8,586000	8,610033	8,664707	8,788231	0,000000	0,000000	0,000000	0,000000	0,000000	0,000000	0,000000	0,000000	0,000000	0,000000	0,000000	0,000000	0,000000	0,000000	0,000000	0,000000	0,000000	0,000000
8,432707	0,297407	7,988140	8,032696	8,114216	8,126471	8,209451	8,225328	8,272413	8,440401	8,491519	8,511228	8,654270	8,676051	8,717757	8,773189	8,839510	8,850673	0,000000	0,000000	0,000000	0,000000	0,000000	0,000000	0,000000	0,000000	0,000000	0,000000	0,000000	0,000000	0,000000	0,000000	0,000000	0,000000
8,488933	0,273615	7,993049	8,008458	8,170773	8,262748	8,343244	8,492074	8,512139	8,541286	8,561844	8,683473	8,715382	8,739450	8,759154	8,770732	8,780187	0,000000	0,000000	0,000000	0,000000	0,000000	0,000000	0,000000	0,000000	0,000000	0,000000	0,000000	0,000000	0,000000	0,000000	0,000000	0,000000	0,000000
8,389170	0,320105	7,984654	7,993783	8,033429	8,055369	8,069447	8,096677	8,153136	8,169738	8,190868	8,381546	8,450561	8,600539	8,661479	8,685304	8,724114	8,758787	8,768302	8,782057	8,834432	0,000000	0,000000	0,000000	0,000000	0,000000	0,000000	0,000000	0,000000	0,000000	0,000000	0,000000	0,000000	0,000000
8,314790	0,193363	8,022753	8,066839	8,076314	8,087094	8,142741	8,152715	8,239460	8,353032	8,359408	8,371017	8,391281	8,398792	8,464135	8,491240	8,572320	8,577236	8,585054	0,000000	0,000000	0,000000	0,000000	0,000000	0,000000	0,000000	0,000000	0,000000	0,000000	0,000000	0,000000	0,000000	0,000000	0,000000
8,218882	0,298316	7,979188	7,991125	8,003968	8,011135	8,020652	8,054841	8,111312	8,127916	8,157682	8,238608	8,568511	8,746375	8,834153	0,000000	0,000000	0,000000	0,000000	0,000000	0,000000	0,000000	0,000000	0,000000	0,000000	0,000000	0,000000	0,000000	0,000000	0,000000	0,000000	0,000000	0,000000	0,000000
8,441276	0,292637	8,043037	8,057037	8,074252	8,088380	8,118274	8,432185	8,474472	8,496005	8,511910	8,583348	8,624659	8,700206	8,779921	8,795719	8,839734	0,000000	0,000000	0,000000	0,000000	0,000000	0,000000	0,000000	0,000000	0,000000	0,000000	0,000000	0,000000	0,000000	0,000000	0,000000	0,000000	0,000000
8,191639	0,211261	7,995465	8,006380	8,012791	8,019541	8,057340	8,086470	8,103912	8,171227	8,227702	8,239847	8,408120	8,511033	8,651481	0,000000	0,000000	0,000000	0,000000	0,000000	0,000000	0,000000	0,000000	0,000000	0,000000	0,000000	0,000000	0,000000	0,000000	0,000000	0,000000	0,000000	0,000000	0,000000
8,329676	0,295847	7,983115	7,999145	8,150704	8,171085	8,282457	8,307188	8,583809	8,715601	8,773983	0,000000	0,000000	0,000000	0,000000	0,000000	0,000000	0,000000	0,000000	0,000000	0,000000	0,000000	0,000000	0,000000	0,000000	0,000000	0,000000	0,000000	0,000000	0,000000	0,000000	0,000000	0,000000	0,000000
8,304834	0,203666	8,004380	8,073420	8,134264	8,190022	8,381364	8,457748	8,481418	8,490888	8,530000	0,000000	0,000000	0,000000	0,000000	0,000000	0,000000	0,000000	0,000000	0,000000	0,000000	0,000000	0,000000	0,000000	0,000000	0,000000	0,000000	0,000000	0,000000	0,000000	0,000000	0,000000	0,000000	0,000000
8,314198	0,268618	7,975304	7,997691	8,003591	8,102133	8,183558	8,198577	8,296612	8,301428	8,410591	8,582731	8,652307	8,678345	8,701705	0,000000	0,000000	0,000000	0,000000	0,000000	0,000000	0,000000	0,000000	0,000000	0,000000	0,000000	0,000000	0,000000	0,000000	0,000000	0,000000	0,000000	0,000000	0,000000
8,167634	0,235280	7,974391	7,982831	8,002547	8,015039	8,055119	8,060453	8,129526	8,309485	8,550667	8,596283	0,000000	0,000000	0,000000	0,000000	0,000000	0,000000	0,000000	0,000000	0,000000	0,000000	0,000000	0,000000	0,000000	0,000000	0,000000	0,000000	0,000000	0,000000	0,000000	0,000000	0,000000	0,000000
8,405891	0,274657	7,987925	8,056884	8,137825	8,196736	8,298704	8,350291	8,493591	8,532560	8,635603	8,666469	8,679342	8,834765	0,000000	0,000000	0,000000	0,000000	0,000000	0,000000	0,000000	0,000000	0,000000	0,000000	0,000000	0,000000	0,000000	0,000000	0,000000	0,000000	0,000000	0,000000	0,000000	0,000000
8,328433	0,278157	7,973964	7,989859	8,037241	8,179535	8,228621	8,302805	8,375773	8,451189	8,664973	8,668538	8,740268	0,000000	0,000000	0,000000	0,000000	0,000000	0,000000	0,000000	0,000000	0,000000	0,000000	0,000000	0,000000	0,000000	0,000000	0,000000	0,000000	0,000000	0,000000	0,000000	0,000000	0,000000
8,329678	0,272379	7,985364	8,030705	8,131485	8,166601	8,209740	8,318702	8,508281	8,548752	8,581683	8,815471	0,000000	0,000000	0,000000	0,000000	0,000000	0,000000	0,000000	0,000000	0,000000	0,000000	0,000000	0,000000	0,000000	0,000000	0,000000	0,000000	0,000000	0,000000	0,000000	0,000000	0,000000	0,000000
8,304291	0,245580	8,012563	8,026658	8,047727	8,053778	8,061285	8,069336	8,078467	8,089852	8,104111	8,111671	8,116826	8,132112	8,375827	8,385028	8,400875	8,406989	8,418658	8,441906	8,449184	8,500260	8,578834	8,614669	8,654101	8,668386	8,808167	0,000000	0,000000	0,000000	0,000000	0,000000	0,000000	0,000000
8,413171	0,313444	8,008505	8,021772	8,029390	8,046044	8,096378	8,149057	8,202327	8,256802	8,291751	8,368912	8,454994	8,632356	8,653524	8,693809	8,706868	8,754524	8,763849	8,821823	8,897565	0,000000	0,000000	0,000000	0,000000	0,000000	0,000000	0,000000	0,000000	0,000000	0,000000	0,000000	0,000000	0,000000
8,306152	0,248559	7,988691	8,006471	8,117759	8,153119	8,167988	8,190579	8,253230	8,287581	8,318680	8,332993	8,347345	8,566307	8,738217	8,817163	0,000000	0,000000	0,000000	0,000000	0,000000	0,000000	0,000000	0,000000	0,000000	0,000000	0,000000	0,000000	0,000000	0,000000	0,000000	0,000000	0,000000	0,000000
8,228030	0,194202	7,981978	7,995165	8,001779	8,016529	8,038931	8,061534	8,158222	8,192765	8,207108	8,265880	8,289458	8,319133	8,388999	8,431700	8,459223	8,511041	8,557065	0,000000	0,000000	0,000000	0,000000	0,000000	0,000000	0,000000	0,000000	0,000000	0,000000	0,000000	0,000000	0,000000	0,000000	0,000000
8,398144	0,203605	8,038786	8,206881	8,304302	8,357216	8,381841	8,414777	8,439158	8,496855	8,536215	8,805405	0,000000	0,000000	0,000000	0,000000	0,000000	0,000000	0,000000	0,000000	0,000000	0,000000	0,000000	0,000000	0,000000	0,000000	0,000000	0,000000	0,000000	0,000000	0,000000	0,000000	0,000000	0,000000
8,389592	0,312783	7,973487	7,999010	8,012641	8,066267	8,147148	8,152848	8,295621	8,340759	8,355106	8,454747	8,598158	8,725713	8,742193	8,762000	8,782547	8,825234	0,000000	0,000000	0,000000	0,000000	0,000000	0,000000	0,000000	0,000000	0,000000	0,000000	0,000000	0,000000	0,000000	0,000000	0,000000	0,000000
8,420131	0,267923	7,980671	7,996258	8,087553	8,306688	8,323949	8,338709	8,380911	8,419606	8,460215	8,503249	8,533290	8,546070	8,784075	8,795256	8,845469	0,000000	0,000000	0,000000	0,000000	0,000000	0,000000	0,000000	0,000000	0,000000	0,000000	0,000000	0,000000	0,000000	0,000000	0,000000	0,000000	0,000000
8,391443	0,298462	7,995607	8,003978	8,026851	8,068120	8,104225	8,133712	8,143451	8,161338	8,256228	8,316064	8,381195	8,431646	8,452457	8,531525	8,615396	8,654808	8,699224	8,750944	8,805786	8,830513	8,857236	0,000000	0,000000	0,000000	0,000000	0,000000	0,000000	0,000000	0,000000	0,000000	0,000000	0,000000
8,354601	0,215102	7,994438	8,076354	8,177939	8,215242	8,307623	8,438434	8,445112	8,465324	8,554553	8,581775	8,643816	0,000000	0,000000	0,000000	0,000000	0,000000	0,000000	0,000000	0,000000	0,000000	0,000000	0,000000	0,000000	0,000000	0,000000	0,000000	0,000000	0,000000	0,000000	0,000000	0,000000	0,000000
8,178475	0,242598	7,982042	7,991371	7,998364	8,005766	8,018142	8,025239	8,056584	8,070106	8,083240	8,133142	8,389647	8,529202	8,553567	8,662241	0,000000	0,000000	0,000000	0,000000	0,000000	0,000000	0,000000	0,000000	0,000000	0,000000	0,000000	0,000000	0,000000	0,000000	0,000000	0,000000	0,000000	0,000000
8,314153	0,260899	7,995671	8,034735	8,075705	8,125159	8,148108	8,157715	8,264831	8,306745	8,317884	8,360587	8,441219	8,579930	8,735613	8,854241	0,000000	0,000000	0,000000	0,000000	0,000000	0,000000	0,000000	0,000000	0,000000	0,000000	0,000000	0,000000	0,000000	0,000000	0,000000	0,000000	0,000000	0,000000
8,275705	0,299424	7,970060	7,991460	8,036709	8,074856	8,136645	8,180453	8,323072	8,601715	8,692412	8,749667	0,000000	0,000000	0,000000	0,000000	0,000000	0,000000	0,000000	0,000000	0,000000	0,000000	0,000000	0,000000	0,000000	0,000000	0,000000	0,000000	0,000000	0,000000	0,000000	0,000000	0,000000	0,000000
8,266188	0,212092	7,971349	7,996556	8,010619	8,043328	8,061978	8,159637	8,186146	8,210284	8,245839	8,269882	8,294665	8,333963	8,382360	8,420933	8,435716	8,479363	8,534854	8,753912	0,000000	0,000000	0,000000	0,000000	0,000000	0,000000	0,000000	0,000000	0,000000	0,000000	0,000000	0,000000	0,000000	0,000000
8,466328	0,280641	8,000777	8,024948	8,167460	8,173780	8,303910	8,346675	8,388109	8,607943	8,622142	8,649796	8,662714	8,710811	8,764058	8,777752	8,794042	0,000000	0,000000	0,000000	0,000000	0,000000	0,000000	0,000000	0,000000	0,000000	0,000000	0,000000	0,000000	0,000000	0,000000	0,000000	0,000000	0,000000
8,363976	0,371179	7,976213	7,984021	7,993314	8,008673	8,043819	8,082444	8,133502	8,294065	8,631218	8,702571	8,770956	8,793986	8,806523	8,874355	0,000000	0,000000	0,000000	0,000000	0,000000	0,000000	0,000000	0,000000	0,000000	0,000000	0,000000	0,000000	0,000000	0,000000	0,000000	0,000000	0,000000	0,000000
8,302911	0,322193	7,979874	7,992448	8,022757	8,031075	8,057496	8,086100	8,104369	8,117077	8,130729	8,144686	8,198618	8,223140	8,528755	8,677954	8,683158	8,780324	8,811918	8,881916	0,000000	0,000000	0,000000	0,000000	0,000000	0,000000	0,000000	0,000000	0,000000	0,000000	0,000000	0,000000	0,000000	0,000000
8,408744	0,302067	7,989854	8,024701	8,182470	8,231814	8,280452	8,373219	8,529465	8,569084	8,620654	8,748435	8,946038	0,000000	0,000000	0,000000	0,000000	0,000000	0,000000	0,000000	0,000000	0,000000	0,000000	0,000000	0,000000	0,000000	0,000000	0,000000	0,000000	0,000000	0,000000	0,000000	0,000000	0,000000
8,488727	0,312393	8,008718	8,023249	8,033910	8,053212	8,093504	8,127250	8,366993	8,450833	8,578030	8,624077	8,637508	8,660467	8,695656	8,712597	8,722351	8,757365	8,771939	8,791996	8,806072	8,858813	0,000000	0,000000	0,000000	0,000000	0,000000	0,000000	0,000000	0,000000	0,000000	0,000000	0,000000	0,000000
8,285294	0,211261	8,035677	8,099253	8,125249	8,232360	8,472425	8,494380	8,537712	0,000000	0,000000	0,000000	0,000000	0,000000	0,000000	0,000000	0,000000	0,000000	0,000000	0,000000	0,000000	0,000000	0,000000	0,000000	0,000000	0,000000	0,000000	0,000000	0,000000	0,000000	0,000000	0,000000	0,000000	0,000000
8,216874	0,230548	7,975141	7,984962	7,996791	8,012820	8,018883	8,032898	8,047012	8,055750	8,062763	8,077037	8,160881	8,201326	8,222630	8,326298	8,413602	8,443942	8,511178	8,541203	8,581906	8,670457	0,000000	0,000000	0,000000	0,000000	0,000000	0,000000	0,000000	0,000000	0,000000	0,000000	0,000000	0,000000
8,448795	0,251584	7,994376	8,012271	8,038535	8,169276	8,297129	8,325678	8,340373	8,376919	8,388923	8,397572	8,416727	8,500763	8,557476	8,581068	8,647732	8,666408	8,683203	8,699134	8,765870	8,775865	8,789398	0,000000	0,000000	0,000000	0,000000	0,000000	0,000000	0,000000	0,000000	0,000000	0,000000	0,000000
8,335996	0,253090	7,996075	8,015819	8,027369	8,074509	8,080415	8,162929	8,240304	8,367348	8,399821	8,430476	8,468063	8,505050	8,556510	8,646676	8,677661	8,726908	0,000000	0,000000	0,000000	0,000000	0,000000	0,000000	0,000000	0,000000	0,000000	0,000000	0,000000	0,000000	0,000000	0,000000	0,000000	0,000000
8,299667	0,255661	8,028329	8,044632	8,079736	8,114252	8,163013	8,226633	8,475419	8,598439	8,620505	8,645712	0,000000	0,000000	0,000000	0,000000	0,000000	0,000000	0,000000	0,000000	0,000000	0,000000	0,000000	0,000000	0,000000	0,000000	0,000000	0,000000	0,000000	0,000000	0,000000	0,000000	0,000000	0,000000
8,361261	0,215160	7,974042	8,043440	8,206420	8,265857	8,283092	8,305049	8,366129	8,439702	8,461064	8,477028	8,499306	8,670403	8,704863	0,000000	0,000000	0,000000	0,000000	0,000000	0,000000	0,000000	0,000000	0,000000	0,000000	0,000000	0,000000	0,000000	0,000000	0,000000	0,000000	0,000000	0,000000	0,000000
8,246770	0,224421	7,971477	7,989570	8,004113	8,009669	8,081019	8,104940	8,165014	8,189176	8,200392	8,255417	8,278014	8,362867	8,384166	8,403270	8,428977	8,592719	8,774293	0,000000	0,000000	0,000000	0,000000	0,000000	0,000000	0,000000	0,000000	0,000000	0,000000	0,000000	0,000000	0,000000	0,000000	0,000000
8,412351	0,298146	8,012400	8,069552	8,096672	8,116255	8,180969	8,291957	8,447047	8,530465	8,612479	8,641328	8,736207	8,791108	8,834118	0,000000	0,000000	0,000000	0,000000	0,000000	0,000000	0,000000	0,000000	0,000000	0,000000	0,000000	0,000000	0,000000	0,000000	0,000000	0,000000	0,000000	0,000000	0,000000
8,252344	0,273020	7,953734	7,986858	8,073041	8,140069	8,147275	8,248148	8,391145	8,564580	8,766248	0,000000	0,000000	0,000000	0,000000	0,000000	0,000000	0,000000	0,000000	0,000000	0,000000	0,000000	0,000000	0,000000	0,000000	0,000000	0,000000	0,000000	0,000000	0,000000	0,000000	0,000000	0,000000	0,000000
8,469376	0,258307	7,992685	8,056612	8,162022	8,261445	8,292080	8,391243	8,437483	8,455057	8,567404	8,588485	8,611072	8,641320	8,706661	8,742305	8,777906	8,826227	0,000000	0,000000	0,000000	0,000000	0,000000	0,000000	0,000000	0,000000	0,000000	0,000000	0,000000	0,000000	0,000000	0,000000	0,000000	0,000000
8,525943	0,148404	8,312034	8,345583	8,380523	8,516506	8,582908	8,593187	8,619450	8,640460	8,742834	0,000000	0,000000	0,000000	0,000000	0,000000	0,000000	0,000000	0,000000	0,000000	0,000000	0,000000	0,000000	0,000000	0,000000	0,000000	0,000000	0,000000	0,000000	0,000000	0,000000	0,000000	0,000000	0,000000
8,499990	0,262627	7,986013	8,001949	8,129048	8,414883	8,465449	8,529208	8,548033	8,574010	8,583380	8,588769	8,689086	8,720904	8,727730	8,749360	8,792026	0,000000	0,000000	0,000000	0,000000	0,000000	0,000000	0,000000	0,000000	0,000000	0,000000	0,000000	0,000000	0,000000	0,000000	0,000000	0,000000	0,000000
8,293489	0,276656	7,978490	7,987031	7,995810	8,005850	8,036250	8,100654	8,164456	8,195823	8,229965	8,318787	8,328035	8,336841	8,567136	8,615269	8,629983	8,661871	8,837062	0,000000	0,000000	0,000000	0,000000	0,000000	0,000000	0,000000	0,000000	0,000000	0,000000	0,000000	0,000000	0,000000	0,000000	0,000000
8,429640	0,260494	7,962543	7,987824	8,032126	8,315416	8,328647	8,350089	8,387164	8,461305	8,499387	8,531401	8,549244	8,591579	8,625639	8,672702	8,760399	8,818780	0,000000	0,000000	0,000000	0,000000	0,000000	0,000000	0,000000	0,000000	0,000000	0,000000	0,000000	0,000000	0,000000	0,000000	0,000000	0,000000
8,312450	0,295274	7,980362	7,993487	8,005174	8,019461	8,081930	8,116534	8,159479	8,298140	8,304303	8,374671	8,503177	8,572572	8,697002	8,770215	8,810248	0,000000	0,000000	0,000000	0,000000	0,000000	0,000000	0,000000	0,000000	0,000000	0,000000	0,000000	0,000000	0,000000	0,000000	0,000000	0,000000	0,000000
8,528797	0,177413	8,276947	8,299744	8,332256	8,419169	8,470963	8,508486	8,539448	8,556293	8,698935	8,712702	8,750861	8,779755	0,000000	0,000000	0,000000	0,000000	0,000000	0,000000	0,000000	0,000000	0,000000	0,000000	0,000000	0,000000	0,000000	0,000000	0,000000	0,000000	0,000000	0,000000	0,000000	0,000000
8,383242	0,289102	7,994776	8,059352	8,087949	8,141059	8,185447	8,204707	8,229664	8,243459	8,264962	8,436506	8,591905	8,603948	8,649275	8,766225	8,815985	8,856656	0,000000	0,000000	0,000000	0,000000	0,000000	0,000000	0,000000	0,000000	0,000000	0,000000	0,000000	0,000000	0,000000	0,000000	0,000000	0,000000
8,256625	0,244063	8,002265	8,041625	8,052619	8,069185	8,130508	8,140141	8,161555	8,218752	8,274821	8,306308	8,519118	8,659253	8,759980	0,000000	0,000000	0,000000	0,000000	0,000000	0,000000	0,000000	0,000000	0,000000	0,000000	0,000000	0,000000	0,000000	0,000000	0,000000	0,000000	0,000000	0,000000	0,000000
8,352039	0,248025	7,994524	8,001426	8,016108	8,059136	8,073107	8,107866	8,119071	8,336158	8,381327	8,394429	8,404476	8,443095	8,452670	8,499951	8,531378	8,548472	8,612848	8,638431	8,703713	8,722597	0,000000	0,000000	0,000000	0,000000	0,000000	0,000000	0,000000	0,000000	0,000000	0,000000	0,000000	0,000000
8,350607	0,293517	7,989465	7,998559	8,006035	8,012334	8,020442	8,036055	8,082945	8,106713	8,166457	8,172574	8,403551	8,452708	8,465993	8,490301	8,506104	8,580541	8,588455	8,608969	8,674390	8,738285	8,795308	8,817165	0,000000	0,000000	0,000000	0,000000	0,000000	0,000000	0,000000	0,000000	0,000000	0,000000
8,376235	0,299537	7,979113	7,987917	7,993811	8,038015	8,209966	8,217145	8,298072	8,320278	8,335415	8,406688	8,498658	8,696327	8,705342	8,737291	8,786637	8,809085	0,000000	0,000000	0,000000	0,000000	0,000000	0,000000	0,000000	0,000000	0,000000	0,000000	0,000000	0,000000	0,000000	0,000000	0,000000	0,000000
8,399007	0,263883	7,985355	8,002733	8,220863	8,309317	8,369522	8,385537	8,489774	8,532773	8,587079	8,666016	8,840113	0,000000	0,000000	0,000000	0,000000	0,000000	0,000000	0,000000	0,000000	0,000000	0,000000	0,000000	0,000000	0,000000	0,000000	0,000000	0,000000	0,000000	0,000000	0,000000	0,000000	0,000000
8,334215	0,287555	7,976265	7,997581	8,005435	8,014923	8,061951	8,094009	8,161902	8,171135	8,209819	8,248443	8,265117	8,284973	8,308304	8,375875	8,452320	8,657795	8,684760	8,705140	8,752321	8,758322	8,832121	0,000000	0,000000	0,000000	0,000000	0,000000	0,000000	0,000000	0,000000	0,000000	0,000000	0,000000
8,452973	0,289173	7,992440	8,033973	8,085250	8,133437	8,242428	8,293969	8,309195	8,363701	8,534592	8,591378	8,636263	8,645447	8,674568	8,709113	8,779626	8,815252	8,859904	0,000000	0,000000	0,000000	0,000000	0,000000	0,000000	0,000000	0,000000	0,000000	0,000000	0,000000	0,000000	0,000000	0,000000	0,000000
8,337658	0,201628	7,996421	8,086262	8,130747	8,144689	8,172175	8,186181	8,204304	8,218193	8,226765	8,271733	8,296125	8,326973	8,341981	8,372827	8,396410	8,419797	8,444542	8,567619	8,597372	8,631451	8,653125	8,742779	0,000000	0,000000	0,000000	0,000000	0,000000	0,000000	0,000000	0,000000	0,000000	0,000000
8,259542	0,211610	7,994545	8,007941	8,015215	8,074329	8,093663	8,141467	8,153040	8,196894	8,208221	8,231403	8,300395	8,307083	8,334347	8,352798	8,438614	8,452220	8,574166	8,795416	0,000000	0,000000	0,000000	0,000000	0,000000	0,000000	0,000000	0,000000	0,000000	0,000000	0,000000	0,000000	0,000000	0,000000
8,441199	0,260383	7,990018	8,062321	8,105731	8,159716	8,234670	8,241733	8,292258	8,305714	8,327057	8,353658	8,374712	8,456365	8,476432	8,491020	8,592882	8,613357	8,666083	8,714036	8,771521	8,785194	8,838719	8,853175	0,000000	0,000000	0,000000	0,000000	0,000000	0,000000	0,000000	0,000000	0,000000	0,000000
8,277255	0,290829	7,987218	7,996482	8,003443	8,017016	8,025379	8,121151	8,146730	8,224984	8,306351	8,354955	8,557022	8,615365	8,674753	8,850714	0,000000	0,000000	0,000000	0,000000	0,000000	0,000000	0,000000	0,000000	0,000000	0,000000	0,000000	0,000000	0,000000	0,000000	0,000000	0,000000	0,000000	0,000000
8,266321	0,249560	7,984672	7,998432	8,006462	8,017950	8,033624	8,054190	8,079193	8,106830	8,121816	8,133378	8,152876	8,164641	8,278808	8,319670	8,330607	8,396926	8,516237	8,549469	8,571187	8,592131	8,626135	8,823839	0,000000	0,000000	0,000000	0,000000	0,000000	0,000000	0,000000	0,000000	0,000000	0,000000
8,376796	0,291227	7,993772	8,006660	8,013856	8,041712	8,084838	8,094158	8,143344	8,281253	8,299856	8,352995	8,376431	8,438801	8,462337	8,486855	8,628021	8,722039	8,746699	8,777364	8,786040	8,798881	0,000000	0,000000	0,000000	0,000000	0,000000	0,000000	0,000000	0,000000	0,000000	0,000000	0,000000	0,000000
8,384055	0,325574	7,970956	7,986963	8,005960	8,013343	8,076189	8,168026	8,176254	8,367151	8,480768	8,499115	8,600229	8,640310	8,759806	8,770956	8,811105	8,817758	0,000000	0,000000	0,000000	0,000000	0,000000	0,000000	0,000000	0,000000	0,000000	0,000000	0,000000	0,000000	0,000000	0,000000	0,000000	0,000000
8,186031	0,146346	7,992852	8,020234	8,058457	8,174068	8,257832	8,290048	8,329301	8,365457	0,000000	0,000000	0,000000	0,000000	0,000000	0,000000	0,000000	0,000000	0,000000	0,000000	0,000000	0,000000	0,000000	0,000000	0,000000	0,000000	0,000000	0,000000	0,000000	0,000000	0,000000	0,000000	0,000000	0,000000
8,482297	0,293837	8,013737	8,028035	8,078100	8,123746	8,148568	8,199440	8,245593	8,272467	8,297853	8,362871	8,419171	8,538856	8,550102	8,561111	8,585478	8,699070	8,736711	8,756137	8,795723	8,809479	8,822735	8,827169	8,841701	8,861281	0,000000	0,000000	0,000000	0,000000	0,000000	0,000000	0,000000	0,000000
8,257858	0,215583	7,994002	7,999513	8,007866	8,058520	8,079167	8,116729	8,146740	8,227952	8,237062	8,281543	8,359001	8,431779	8,446101	8,527668	8,580654	8,631425	0,000000	0,000000	0,000000	0,000000	0,000000	0,000000	0,000000	0,000000	0,000000	0,000000	0,000000	0,000000	0,000000	0,000000	0,000000	0,000000
8,465770	0,242205	8,089608	8,124631	8,174644	8,210459	8,225909	8,290081	8,385414	8,443760	8,453030	8,504288	8,528535	8,548230	8,597428	8,637734	8,744613	8,757474	8,814249	8,853778	0,000000	0,000000	0,000000	0,000000	0,000000	0,000000	0,000000	0,000000	0,000000	0,000000	0,000000	0,000000	0,000000	0,000000
8,369261	0,320112	7,980440	7,987836	7,997161	8,025942	8,097575	8,120569	8,283432	8,426999	8,481333	8,492875	8,515263	8,742937	8,771368	8,791862	8,823328	0,000000	0,000000	0,000000	0,000000	0,000000	0,000000	0,000000	0,000000	0,000000	0,000000	0,000000	0,000000	0,000000	0,000000	0,000000	0,000000	0,000000
8,297301	0,168743	8,029114	8,106140	8,122081	8,155321	8,180289	8,253253	8,320790	8,327921	8,342537	8,350053	8,362532	8,486224	8,500672	8,625294	0,000000	0,000000	0,000000	0,000000	0,000000	0,000000	0,000000	0,000000	0,000000	0,000000	0,000000	0,000000	0,000000	0,000000	0,000000	0,000000	0,000000	0,000000
8,241200	0,141973	7,993319	8,006940	8,037782	8,165624	8,216152	8,237228	8,248779	8,289840	8,319085	8,338644	8,358205	8,364790	8,384991	8,415416	0,000000	0,000000	0,000000	0,000000	0,000000	0,000000	0,000000	0,000000	0,000000	0,000000	0,000000	0,000000	0,000000	0,000000	0,000000	0,000000	0,000000	0,000000
8,282077	0,260327	7,977750	7,986191	7,992674	7,999828	8,085165	8,101096	8,114121	8,178726	8,193657	8,208723	8,218074	8,246002	8,311572	8,392270	8,407074	8,439162	8,485782	8,714227	8,732017	8,857428	0,000000	0,000000	0,000000	0,000000	0,000000	0,000000	0,000000	0,000000	0,000000	0,000000	0,000000	0,000000
8,394570	0,279608	7,964174	7,990415	8,027873	8,035893	8,097862	8,111166	8,202215	8,259123	8,290628	8,321723	8,397391	8,465968	8,482389	8,507375	8,529994	8,583544	8,685379	8,692486	8,700174	8,747363	8,772526	8,814887	0,000000	0,000000	0,000000	0,000000	0,000000	0,000000	0,000000	0,000000	0,000000	0,000000
8,439063	0,220745	7,977917	8,116753	8,180026	8,200078	8,286744	8,294115	8,422367	8,460562	8,481020	8,490634	8,509778	8,538826	8,570052	8,596931	8,621670	8,647670	8,699218	8,808768	0,000000	0,000000	0,000000	0,000000	0,000000	0,000000	0,000000	0,000000	0,000000	0,000000	0,000000	0,000000	0,000000	0,000000
8,422758	0,266495	7,980869	8,004182	8,016749	8,073481	8,128832	8,221821	8,251785	8,262384	8,350441	8,440348	8,454733	8,487446	8,506314	8,572211	8,603051	8,615926	8,670059	8,690458	8,725220	8,732861	8,744409	8,767102	0,000000	0,000000	0,000000	0,000000	0,000000	0,000000	0,000000	0,000000	0,000000	0,000000
8,262921	0,242678	8,003780	8,024280	8,038455	8,053023	8,084745	8,140573	8,239886	8,275323	8,341628	8,365635	8,466124	8,608417	8,776109	0,000000	0,000000	0,000000	0,000000	0,000000	0,000000	0,000000	0,000000	0,000000	0,000000	0,000000	0,000000	0,000000	0,000000	0,000000	0,000000	0,000000	0,000000	0,000000
8,461018	0,284189	7,973928	7,985173	8,011136	8,122125	8,209727	8,224674	8,318555	8,422296	8,428815	8,439371	8,459789	8,549343	8,624188	8,630242	8,681247	8,692421	8,709173	8,751067	8,771247	8,831652	8,845205	0,000000	0,000000	0,000000	0,000000	0,000000	0,000000	0,000000	0,000000	0,000000	0,000000	0,000000
8,479734	0,230086	8,168358	8,178272	8,186141	8,208563	8,507133	8,524831	8,566423	8,587983	8,650688	8,701465	8,723080	8,753865	0,000000	0,000000	0,000000	0,000000	0,000000	0,000000	0,000000	0,000000	0,000000	0,000000	0,000000	0,000000	0,000000	0,000000	0,000000	0,000000	0,000000	0,000000	0,000000	0,000000
8,367077	0,256485	7,986380	7,995859	8,013808	8,030705	8,070240	8,127995	8,138991	8,188609	8,204627	8,210420	8,241062	8,250253	8,294156	8,300209	8,314416	8,371150	8,397889	8,477645	8,577721	8,605039	8,637030	8,647853	8,664164	8,675859	8,687633	8,700828	8,715205	8,752420	0,000000	0,000000	0,000000	0,000000
8,452546	0,323669	7,990215	8,031823	8,076189	8,169145	8,262234	8,403401	8,415819	8,571514	8,705207	8,788819	8,800938	8,810152	8,857646	0,000000	0,000000	0,000000	0,000000	0,000000	0,000000	0,000000	0,000000	0,000000	0,000000	0,000000	0,000000	0,000000	0,000000	0,000000	0,000000	0,000000	0,000000	0,000000
8,270959	0,218693	7,976632	7,999358	8,013445	8,025364	8,051703	8,111889	8,138554	8,192497	8,241936	8,264448	8,344209	8,408913	8,435041	8,459842	8,487894	8,490932	8,563777	8,670822	0,000000	0,000000	0,000000	0,000000	0,000000	0,000000	0,000000	0,000000	0,000000	0,000000	0,000000	0,000000	0,000000	0,000000
8,265848	0,262404	7,990284	7,993832	8,009785	8,022807	8,048053	8,112939	8,160012	8,186743	8,267289	8,301032	8,321985	8,549944	8,578884	8,692217	8,751913	0,000000	0,000000	0,000000	0,000000	0,000000	0,000000	0,000000	0,000000	0,000000	0,000000	0,000000	0,000000	0,000000	0,000000	0,000000	0,000000	0,000000
8,393231	0,277801	7,999881	8,013946	8,110037	8,121714	8,186248	8,195941	8,230303	8,277041	8,316532	8,480693	8,509040	8,591219	8,601939	8,722672	8,745125	8,764037	8,818560	0,000000	0,000000	0,000000	0,000000	0,000000	0,000000	0,000000	0,000000	0,000000	0,000000	0,000000	0,000000	0,000000	0,000000	0,000000
8,418464	0,231888	7,990013	8,007607	8,118640	8,170701	8,302912	8,318300	8,332030	8,361350	8,400321	8,422344	8,454390	8,477825	8,533436	8,606081	8,636569	8,679533	8,697111	8,708135	8,733525	0,000000	0,000000	0,000000	0,000000	0,000000	0,000000	0,000000	0,000000	0,000000	0,000000	0,000000	0,000000	0,000000
8,352887	0,254967	7,969738	7,978960	7,991531	8,014991	8,287864	8,338212	8,345186	8,396627	8,432329	8,469094	8,549521	8,572011	8,611457	8,651827	8,683954	0,000000	0,000000	0,000000	0,000000	0,000000	0,000000	0,000000	0,000000	0,000000	0,000000	0,000000	0,000000	0,000000	0,000000	0,000000	0,000000	0,000000
8,478931	0,358093	7,974149	8,110331	8,118556	8,136881	8,153927	8,167868	8,180631	8,189480	8,305167	8,334765	8,352590	8,432985	8,603311	8,660124	8,728420	8,790932	8,804440	8,827551	8,931331	9,090509	9,163613	0,000000	0,000000	0,000000	0,000000	0,000000	0,000000	0,000000	0,000000	0,000000	0,000000	0,000000
8,340640	0,317651	7,975954	7,982480	8,003503	8,030991	8,053064	8,120773	8,149470	8,226930	8,309379	8,450335	8,479329	8,534783	8,723331	8,768959	8,790006	8,850957	0,000000	0,000000	0,000000	0,000000	0,000000	0,000000	0,000000	0,000000	0,000000	0,000000	0,000000	0,000000	0,000000	0,000000	0,000000	0,000000
8,269622	0,229104	7,976686	7,991467	7,998466	8,028060	8,084136	8,094978	8,128086	8,195224	8,242477	8,250528	8,288537	8,365764	8,388746	8,455173	8,495977	8,502841	8,679439	8,686608	0,000000	0,000000	0,000000	0,000000	0,000000	0,000000	0,000000	0,000000	0,000000	0,000000	0,000000	0,000000	0,000000	0,000000
8,312978	0,310220	7,975363	8,011001	8,022336	8,039245	8,072194	8,175207	8,209604	8,502089	8,629655	8,642908	8,731968	8,744169	0,000000	0,000000	0,000000	0,000000	0,000000	0,000000	0,000000	0,000000	0,000000	0,000000	0,000000	0,000000	0,000000	0,000000	0,000000	0,000000	0,000000	0,000000	0,000000	0,000000
8,319032	0,273606	7,985414	7,997429	8,005081	8,019573	8,034128	8,060933	8,279915	8,293116	8,303566	8,331605	8,407906	8,458940	8,501228	8,510641	8,703739	8,743293	8,787037	0,000000	0,000000	0,000000	0,000000	0,000000	0,000000	0,000000	0,000000	0,000000	0,000000	0,000000	0,000000	0,000000	0,000000	0,000000
8,381875	0,271903	7,991454	8,028507	8,037159	8,207925	8,245455	8,258351	8,360676	8,396775	8,417426	8,488616	8,682469	8,705150	8,732152	8,794140	0,000000	0,000000	0,000000	0,000000	0,000000	0,000000	0,000000	0,000000	0,000000	0,000000	0,000000	0,000000	0,000000	0,000000	0,000000	0,000000	0,000000	0,000000
8,508200	0,291346	7,975251	8,022635	8,043687	8,102862	8,354873	8,379011	8,415978	8,452910	8,522846	8,618558	8,648765	8,701704	8,717960	8,725489	8,747837	8,774953	8,790968	8,822791	8,836717	0,000000	0,000000	0,000000	0,000000	0,000000	0,000000	0,000000	0,000000	0,000000	0,000000	0,000000	0,000000	0,000000
8,368614	0,269884	7,977781	8,011247	8,082178	8,169373	8,181562	8,196392	8,296003	8,346010	8,383629	8,475527	8,563757	8,621532	8,651643	8,739503	8,833072	0,000000	0,000000	0,000000	0,000000	0,000000	0,000000	0,000000	0,000000	0,000000	0,000000	0,000000	0,000000	0,000000	0,000000	0,000000	0,000000	0,000000
8,462567	0,254355	8,002362	8,165540	8,218514	8,238342	8,269070	8,329747	8,385462	8,396952	8,410963	8,448840	8,502203	8,583493	8,684626	8,705725	8,794125	8,847903	8,879771	0,000000	0,000000	0,000000	0,000000	0,000000	0,000000	0,000000	0,000000	0,000000	0,000000	0,000000	0,000000	0,000000	0,000000	0,000000
8,433890	0,285640	8,061981	8,078223	8,177866	8,230902	8,323444	8,359944	8,580346	8,599460	8,753827	8,768946	8,837848	0,000000	0,000000	0,000000	0,000000	0,000000	0,000000	0,000000	0,000000	0,000000	0,000000	0,000000	0,000000	0,000000	0,000000	0,000000	0,000000	0,000000	0,000000	0,000000	0,000000	0,000000
8,355768	0,235926	7,976344	7,988257	8,039434	8,143864	8,150250	8,180804	8,260956	8,295230	8,352427	8,400431	8,406962	8,418370	8,432139	8,526658	8,539994	8,557586	8,566685	8,750320	8,772889	0,000000	0,000000	0,000000	0,000000	0,000000	0,000000	0,000000	0,000000	0,000000	0,000000	0,000000	0,000000	0,000000
8,376299	0,252639	7,983545	7,999249	8,011247	8,021185	8,055030	8,076302	8,091031	8,133608	8,239529	8,278001	8,319162	8,367625	8,387889	8,449041	8,476761	8,489236	8,507873	8,527040	8,547917	8,568677	8,584846	8,604747	8,610744	8,631877	8,685021	8,714938	8,797941	0,000000	0,000000	0,000000	0,000000	0,000000
8,437958	0,315850	7,987551	8,000283	8,026845	8,098757	8,144606	8,219413	8,228974	8,241450	8,249574	8,294846	8,300903	8,319452	8,336026	8,346861	8,430952	8,455824	8,535116	8,602150	8,618850	8,715586	8,729202	8,756262	8,782967	8,816256	8,864630	9,283563	0,000000	0,000000	0,000000	0,000000	0,000000	0,000000
8,271647	0,258155	7,990554	8,002817	8,009950	8,017202	8,093144	8,127274	8,150625	8,197142	8,210847	8,236309	8,270716	8,457385	8,561010	8,581851	8,616758	8,822772	0,000000	0,000000	0,000000	0,000000	0,000000	0,000000	0,000000	0,000000	0,000000	0,000000	0,000000	0,000000	0,000000	0,000000	0,000000	0,000000
8,495966	0,348503	8,013405	8,027368	8,174773	8,209418	8,287180	8,387426	8,462043	8,504050	8,510352	8,696002	8,752231	8,836601	8,857193	9,225477	0,000000	0,000000	0,000000	0,000000	0,000000	0,000000	0,000000	0,000000	0,000000	0,000000	0,000000	0,000000	0,000000	0,000000	0,000000	0,000000	0,000000	0,000000
8,435016	0,349172	8,010986	8,031192	8,158758	8,294966	8,614373	8,756259	8,769152	8,844442	0,000000	0,000000	0,000000	0,000000	0,000000	0,000000	0,000000	0,000000	0,000000	0,000000	0,000000	0,000000	0,000000	0,000000	0,000000	0,000000	0,000000	0,000000	0,000000	0,000000	0,000000	0,000000	0,000000	0,000000
8,296381	0,255316	7,997428	8,026460	8,080623	8,100632	8,113419	8,135512	8,145487	8,319707	8,361741	8,374043	8,386637	8,668648	8,683670	8,755329	0,000000	0,000000	0,000000	0,000000	0,000000	0,000000	0,000000	0,000000	0,000000	0,000000	0,000000	0,000000	0,000000	0,000000	0,000000	0,000000	0,000000	0,000000
8,452377	0,193913	8,117165	8,147517	8,201921	8,208878	8,324325	8,344788	8,355352	8,384068	8,392476	8,412845	8,451697	8,473148	8,513846	8,525563	8,550575	8,568017	8,615847	8,654519	8,713566	8,722222	8,821588	0,000000	0,000000	0,000000	0,000000	0,000000	0,000000	0,000000	0,000000	0,000000	0,000000	0,000000
8,330455	0,204403	8,004577	8,163527	8,283545	8,334516	8,397861	8,553738	8,575418	0,000000	0,000000	0,000000	0,000000	0,000000	0,000000	0,000000	0,000000	0,000000	0,000000	0,000000	0,000000	0,000000	0,000000	0,000000	0,000000	0,000000	0,000000	0,000000	0,000000	0,000000	0,000000	0,000000	0,000000	0,000000
8,370050	0,272018	7,975726	7,996968	8,039003	8,069209	8,155914	8,225996	8,339077	8,408013	8,471542	8,569923	8,633428	8,648653	8,654550	8,674071	8,688679	0,000000	0,000000	0,000000	0,000000	0,000000	0,000000	0,000000	0,000000	0,000000	0,000000	0,000000	0,000000	0,000000	0,000000	0,000000	0,000000	0,000000
8,168062	0,239676	7,977175	7,986744	7,999518	8,006341	8,011106	8,021946	8,029528	8,043088	8,124526	8,233066	8,268903	8,337357	8,558148	8,755424	0,000000	0,000000	0,000000	0,000000	0,000000	0,000000	0,000000	0,000000	0,000000	0,000000	0,000000	0,000000	0,000000	0,000000	0,000000	0,000000	0,000000	0,000000
8,364627	0,310525	7,988381	7,996860	8,003135	8,050802	8,096794	8,116041	8,135216	8,183946	8,297265	8,350787	8,432240	8,468910	8,552222	8,730028	8,763264	8,786442	8,801979	8,808982	0,000000	0,000000	0,000000	0,000000	0,000000	0,000000	0,000000	0,000000	0,000000	0,000000	0,000000	0,000000	0,000000	0,000000
8,444871	0,250648	8,000166	8,136118	8,209151	8,250539	8,254962	8,294703	8,358424	8,471407	8,536854	8,552645	8,599656	8,700318	8,749149	8,763268	8,795703	0,000000	0,000000	0,000000	0,000000	0,000000	0,000000	0,000000	0,000000	0,000000	0,000000	0,000000	0,000000	0,000000	0,000000	0,000000	0,000000	0,000000
8,343268	0,270703	7,971862	7,988930	8,017212	8,030585	8,062147	8,120714	8,156518	8,182472	8,289836	8,321501	8,334953	8,360408	8,461313	8,552227	8,557554	8,574461	8,664566	8,716009	8,745901	8,756197	0,000000	0,000000	0,000000	0,000000	0,000000	0,000000	0,000000	0,000000	0,000000	0,000000	0,000000	0,000000
8,272216	0,245762	7,983845	7,987732	7,998913	8,011033	8,032552	8,038273	8,088833	8,146646	8,172379	8,242495	8,279454	8,324468	8,337526	8,359085	8,387076	8,397610	8,405603	8,411236	8,463555	8,791385	8,856842	0,000000	0,000000	0,000000	0,000000	0,000000	0,000000	0,000000	0,000000	0,000000	0,000000	0,000000
8,297300	0,220095	7,995370	8,003132	8,017581	8,022324	8,112561	8,132450	8,144670	8,175999	8,196562	8,225010	8,351314	8,368433	8,396173	8,455707	8,481913	8,507175	8,529361	8,560688	8,601979	8,667604	0,000000	0,000000	0,000000	0,000000	0,000000	0,000000	0,000000	0,000000	0,000000	0,000000	0,000000	0,000000
8,350412	0,260753	7,968333	7,996333	8,064977	8,105016	8,135162	8,147486	8,175959	8,201364	8,215873	8,370581	8,401412	8,433548	8,461214	8,532367	8,602166	8,649926	8,683728	8,712883	8,799495	0,000000	0,000000	0,000000	0,000000	0,000000	0,000000	0,000000	0,000000	0,000000	0,000000	0,000000	0,000000	0,000000
8,384728	0,289540	8,005313	8,027122	8,080487	8,094249	8,106324	8,132745	8,142808	8,200681	8,214624	8,235280	8,275071	8,331107	8,597802	8,608666	8,621739	8,654345	8,660110	8,676008	8,710461	8,844982	8,859368	0,000000	0,000000	0,000000	0,000000	0,000000	0,000000	0,000000	0,000000	0,000000	0,000000	0,000000
8,508520	0,248992	7,971647	8,241870	8,357079	8,413628	8,433579	8,491670	8,568639	8,588786	8,667304	8,706804	8,793780	8,867460	0,000000	0,000000	0,000000	0,000000	0,000000	0,000000	0,000000	0,000000	0,000000	0,000000	0,000000	0,000000	0,000000	0,000000	0,000000	0,000000	0,000000	0,000000	0,000000	0,000000
8,383440	0,267503	7,973019	7,995212	8,036878	8,082134	8,102773	8,326662	8,345245	8,364871	8,403418	8,435594	8,470726	8,484076	8,627878	8,684620	8,692242	8,728371	8,764765	0,000000	0,000000	0,000000	0,000000	0,000000	0,000000	0,000000	0,000000	0,000000	0,000000	0,000000	0,000000	0,000000	0,000000	0,000000
8,357928	0,320318	7,997082	8,013182	8,020161	8,050083	8,069367	8,079564	8,430648	8,541742	8,575181	8,680068	8,693514	8,735010	8,767463	0,000000	0,000000	0,000000	0,000000	0,000000	0,000000	0,000000	0,000000	0,000000	0,000000	0,000000	0,000000	0,000000	0,000000	0,000000	0,000000	0,000000	0,000000	0,000000
8,373631	0,292106	7,985950	8,057061	8,073118	8,096220	8,106375	8,121823	8,128585	8,227320	8,237599	8,305523	8,317564	8,408676	8,415153	8,479101	8,521956	8,666130	8,804580	8,813981	8,846728	8,859187	0,000000	0,000000	0,000000	0,000000	0,000000	0,000000	0,000000	0,000000	0,000000	0,000000	0,000000	0,000000
8,350090	0,321810	7,987758	8,010626	8,016669	8,032133	8,247253	8,318167	8,467116	8,488536	8,631425	8,804356	8,846946	0,000000	0,000000	0,000000	0,000000	0,000000	0,000000	0,000000	0,000000	0,000000	0,000000	0,000000	0,000000	0,000000	0,000000	0,000000	0,000000	0,000000	0,000000	0,000000	0,000000	0,000000
8,369957	0,226924	7,976454	8,005085	8,153666	8,209310	8,325576	8,351838	8,426823	8,441060	8,496446	8,553360	8,570909	8,633278	8,665635	0,000000	0,000000	0,000000	0,000000	0,000000	0,000000	0,000000	0,000000	0,000000	0,000000	0,000000	0,000000	0,000000	0,000000	0,000000	0,000000	0,000000	0,000000	0,000000
8,392190	0,320535	7,985802	7,994061	8,068485	8,098165	8,173592	8,188543	8,338007	8,624769	8,648553	8,691762	8,702225	8,787578	8,796927	0,000000	0,000000	0,000000	0,000000	0,000000	0,000000	0,000000	0,000000	0,000000	0,000000	0,000000	0,000000	0,000000	0,000000	0,000000	0,000000	0,000000	0,000000	0,000000
8,424552	0,310428	7,969728	7,977970	7,986564	8,154514	8,174289	8,283003	8,354277	8,379731	8,457694	8,521824	8,658627	8,728917	8,750138	8,771670	8,802247	8,821635	0,000000	0,000000	0,000000	0,000000	0,000000	0,000000	0,000000	0,000000	0,000000	0,000000	0,000000	0,000000	0,000000	0,000000	0,000000	0,000000
8,350547	0,232802	7,997464	8,055323	8,126921	8,143869	8,171333	8,186614	8,202424	8,212168	8,295859	8,323906	8,337466	8,339407	8,344774	8,388965	8,413311	8,445115	8,464057	8,523558	8,680319	8,824420	8,884214	0,000000	0,000000	0,000000	0,000000	0,000000	0,000000	0,000000	0,000000	0,000000	0,000000	0,000000
8,397935	0,251173	7,980345	8,054516	8,084509	8,141222	8,171164	8,213944	8,285620	8,310158	8,345152	8,389359	8,419447	8,473424	8,492333	8,647248	8,673924	8,684767	8,707626	8,721230	8,764771	0,000000	0,000000	0,000000	0,000000	0,000000	0,000000	0,000000	0,000000	0,000000	0,000000	0,000000	0,000000	0,000000
8,447514	0,287575	8,002980	8,016814	8,274161	8,507335	8,559675	8,571969	8,598952	8,665950	8,829790	0,000000	0,000000	0,000000	0,000000	0,000000	0,000000	0,000000	0,000000	0,000000	0,000000	0,000000	0,000000	0,000000	0,000000	0,000000	0,000000	0,000000	0,000000	0,000000	0,000000	0,000000	0,000000	0,000000
8,387201	0,306682	7,995788	8,007442	8,016188	8,036587	8,056656	8,069241	8,238892	8,263089	8,371920	8,456071	8,528265	8,538343	8,579383	8,703451	8,761109	8,773879	8,783040	8,790272	0,000000	0,000000	0,000000	0,000000	0,000000	0,000000	0,000000	0,000000	0,000000	0,000000	0,000000	0,000000	0,000000	0,000000
8,394994	0,330357	7,986471	7,993538	8,073745	8,089284	8,112424	8,186749	8,234043	8,359314	8,475968	8,516744	8,566058	8,678792	8,829767	8,906204	8,915809	0,000000	0,000000	0,000000	0,000000	0,000000	0,000000	0,000000	0,000000	0,000000	0,000000	0,000000	0,000000	0,000000	0,000000	0,000000	0,000000	0,000000
8,313600	0,242054	8,008915	8,031990	8,071352	8,118830	8,140832	8,155778	8,178404	8,232624	8,262574	8,310518	8,345518	8,558943	8,587775	8,605957	8,676201	8,731395	0,000000	0,000000	0,000000	0,000000	0,000000	0,000000	0,000000	0,000000	0,000000	0,000000	0,000000	0,000000	0,000000	0,000000	0,000000	0,000000
8,394947	0,264735	7,973807	8,086908	8,122895	8,135891	8,155349	8,162135	8,329445	8,516691	8,561748	8,569888	8,586792	8,614737	8,623111	8,737602	8,747202	0,000000	0,000000	0,000000	0,000000	0,000000	0,000000	0,000000	0,000000	0,000000	0,000000	0,000000	0,000000	0,000000	0,000000	0,000000	0,000000	0,000000
8,406889	0,215347	8,062737	8,071480	8,159631	8,174149	8,215647	8,299071	8,327934	8,355915	8,374360	8,396080	8,456078	8,530770	8,558520	8,647736	8,656682	8,664742	8,676386	8,696088	0,000000	0,000000	0,000000	0,000000	0,000000	0,000000	0,000000	0,000000	0,000000	0,000000	0,000000	0,000000	0,000000	0,000000
8,453350	0,304363	8,014152	8,036368	8,077056	8,086951	8,096841	8,223738	8,286115	8,312971	8,383628	8,543311	8,573227	8,606022	8,651316	8,702559	8,723681	8,754386	8,788589	8,800760	8,951989	0,000000	0,000000	0,000000	0,000000	0,000000	0,000000	0,000000	0,000000	0,000000	0,000000	0,000000	0,000000	0,000000
8,297070	0,224698	7,974205	7,990665	8,004052	8,054207	8,182461	8,203279	8,215002	8,225920	8,271374	8,307121	8,318520	8,370175	8,377489	8,418454	8,482725	8,546152	8,583955	8,821512	0,000000	0,000000	0,000000	0,000000	0,000000	0,000000	0,000000	0,000000	0,000000	0,000000	0,000000	0,000000	0,000000	0,000000
8,399737	0,331295	7,998977	8,005181	8,013916	8,351579	8,447535	8,497248	8,722742	8,730651	8,829807	0,000000	0,000000	0,000000	0,000000	0,000000	0,000000	0,000000	0,000000	0,000000	0,000000	0,000000	0,000000	0,000000	0,000000	0,000000	0,000000	0,000000	0,000000	0,000000	0,000000	0,000000	0,000000	0,000000
8,391216	0,233983	8,001154	8,013515	8,087528	8,099964	8,214777	8,227879	8,295606	8,351989	8,358702	8,365989	8,402024	8,430574	8,438508	8,444031	8,468501	8,509948	8,598666	8,631078	8,646824	8,778663	8,849618	0,000000	0,000000	0,000000	0,000000	0,000000	0,000000	0,000000	0,000000	0,000000	0,000000	0,000000
8,448764	0,284191	8,005307	8,061737	8,097790	8,163972	8,214292	8,367515	8,460812	8,476338	8,545250	8,602513	8,606508	8,700423	8,761015	8,802181	8,865802	0,000000	0,000000	0,000000	0,000000	0,000000	0,000000	0,000000	0,000000	0,000000	0,000000	0,000000	0,000000	0,000000	0,000000	0,000000	0,000000	0,000000
8,288736	0,186023	7,983247	8,007924	8,028950	8,120083	8,191218	8,242768	8,283175	8,325266	8,388971	8,396824	8,412602	8,419196	8,481202	8,505211	8,544403	0,000000	0,000000	0,000000	0,000000	0,000000	0,000000	0,000000	0,000000	0,000000	0,000000	0,000000	0,000000	0,000000	0,000000	0,000000	0,000000	0,000000
8,488986	0,202370	8,130885	8,276132	8,292990	8,324456	8,361437	8,379959	8,471407	8,532136	8,539526	8,631623	8,640462	8,708848	8,747697	8,808248	0,000000	0,000000	0,000000	0,000000	0,000000	0,000000	0,000000	0,000000	0,000000	0,000000	0,000000	0,000000	0,000000	0,000000	0,000000	0,000000	0,000000	0,000000
8,409884	0,325771	7,990141	8,003289	8,150582	8,250032	8,378389	8,682272	8,713815	8,731165	8,789273	0,000000	0,000000	0,000000	0,000000	0,000000	0,000000	0,000000	0,000000	0,000000	0,000000	0,000000	0,000000	0,000000	0,000000	0,000000	0,000000	0,000000	0,000000	0,000000	0,000000	0,000000	0,000000	0,000000
8,367226	0,254011	8,004934	8,038792	8,065556	8,152906	8,204107	8,286346	8,340717	8,359544	8,489676	8,498766	8,577679	8,657357	8,706356	8,758422	0,000000	0,000000	0,000000	0,000000	0,000000	0,000000	0,000000	0,000000	0,000000	0,000000	0,000000	0,000000	0,000000	0,000000	0,000000	0,000000	0,000000	0,000000
8,365374	0,271217	7,981403	8,001641	8,086287	8,098610	8,114387	8,126047	8,146813	8,165253	8,305845	8,378794	8,395390	8,416708	8,432010	8,478706	8,561809	8,610878	8,643858	8,664091	8,819102	8,879842	0,000000	0,000000	0,000000	0,000000	0,000000	0,000000	0,000000	0,000000	0,000000	0,000000	0,000000	0,000000
8,375903	0,176007	8,023865	8,252176	8,289634	8,431958	8,458862	8,499563	8,520948	8,530217	0,000000	0,000000	0,000000	0,000000	0,000000	0,000000	0,000000	0,000000	0,000000	0,000000	0,000000	0,000000	0,000000	0,000000	0,000000	0,000000	0,000000	0,000000	0,000000	0,000000	0,000000	0,000000	0,000000	0,000000
8,372611	0,229227	7,972823	8,015540	8,180675	8,186725	8,216855	8,237582	8,245301	8,266492	8,309481	8,357333	8,392529	8,420619	8,425401	8,490623	8,520212	8,624030	8,696220	8,723731	8,797447	0,000000	0,000000	0,000000	0,000000	0,000000	0,000000	0,000000	0,000000	0,000000	0,000000	0,000000	0,000000	0,000000
8,380332	0,278901	7,986392	8,006004	8,011229	8,236449	8,276311	8,282046	8,407650	8,466758	8,537883	8,558262	8,566353	8,776446	8,832538	0,000000	0,000000	0,000000	0,000000	0,000000	0,000000	0,000000	0,000000	0,000000	0,000000	0,000000	0,000000	0,000000	0,000000	0,000000	0,000000	0,000000	0,000000	0,000000
8,349956	0,265367	7,989677	8,017605	8,078624	8,088029	8,101552	8,199073	8,234983	8,302293	8,393510	8,398742	8,459870	8,501867	8,590883	8,718265	8,740968	8,783348	0,000000	0,000000	0,000000	0,000000	0,000000	0,000000	0,000000	0,000000	0,000000	0,000000	0,000000	0,000000	0,000000	0,000000	0,000000	0,000000
8,602018	0,217430	8,215478	8,411882	8,471129	8,483542	8,665052	8,733807	8,743823	8,835336	8,858114	0,000000	0,000000	0,000000	0,000000	0,000000	0,000000	0,000000	0,000000	0,000000	0,000000	0,000000	0,000000	0,000000	0,000000	0,000000	0,000000	0,000000	0,000000	0,000000	0,000000	0,000000	0,000000	0,000000
8,373269	0,351404	8,022872	8,041373	8,086863	8,121060	8,150523	8,565906	8,773448	8,783312	8,814067	0,000000	0,000000	0,000000	0,000000	0,000000	0,000000	0,000000	0,000000	0,000000	0,000000	0,000000	0,000000	0,000000	0,000000	0,000000	0,000000	0,000000	0,000000	0,000000	0,000000	0,000000	0,000000	0,000000
8,440154	0,267889	8,004706	8,031678	8,074311	8,231936	8,251322	8,293151	8,371085	8,484389	8,527697	8,538221	8,573267	8,654632	8,700419	8,724256	8,748322	8,833080	0,000000	0,000000	0,000000	0,000000	0,000000	0,000000	0,000000	0,000000	0,000000	0,000000	0,000000	0,000000	0,000000	0,000000	0,000000	0,000000
8,401015	0,298843	7,981456	8,027387	8,037632	8,110954	8,343758	8,371853	8,510722	8,590422	8,637527	8,664943	8,723474	8,812054	0,000000	0,000000	0,000000	0,000000	0,000000	0,000000	0,000000	0,000000	0,000000	0,000000	0,000000	0,000000	0,000000	0,000000	0,000000	0,000000	0,000000	0,000000	0,000000	0,000000
8,305741	0,237012	8,001544	8,020853	8,100064	8,112947	8,130814	8,157509	8,164921	8,193959	8,235887	8,287511	8,327778	8,343454	8,364888	8,377884	8,524871	8,557622	8,790386	8,810455	0,000000	0,000000	0,000000	0,000000	0,000000	0,000000	0,000000	0,000000	0,000000	0,000000	0,000000	0,000000	0,000000	0,000000
8,411600	0,311026	7,995678	8,018206	8,079716	8,108576	8,392086	8,432242	8,580518	8,707026	8,711912	8,731972	8,769665	0,000000	0,000000	0,000000	0,000000	0,000000	0,000000	0,000000	0,000000	0,000000	0,000000	0,000000	0,000000	0,000000	0,000000	0,000000	0,000000	0,000000	0,000000	0,000000	0,000000	0,000000
8,416325	0,250203	7,993319	8,024378	8,146304	8,185409	8,200149	8,224628	8,255429	8,267633	8,288043	8,296505	8,446725	8,455812	8,499330	8,553820	8,588753	8,669158	8,676674	8,683673	8,698767	8,746919	8,841406	0,000000	0,000000	0,000000	0,000000	0,000000	0,000000	0,000000	0,000000	0,000000	0,000000	0,000000
8,478733	0,207545	8,104167	8,202894	8,252168	8,273285	8,302580	8,377523	8,445483	8,467902	8,477756	8,503062	8,544035	8,577521	8,625347	8,673642	8,699826	8,799948	8,811318	0,000000	0,000000	0,000000	0,000000	0,000000	0,000000	0,000000	0,000000	0,000000	0,000000	0,000000	0,000000	0,000000	0,000000	0,000000
8,373584	0,207592	7,984859	8,227132	8,239471	8,320374	8,381755	8,432714	8,536236	8,614271	8,625442	0,000000	0,000000	0,000000	0,000000	0,000000	0,000000	0,000000	0,000000	0,000000	0,000000	0,000000	0,000000	0,000000	0,000000	0,000000	0,000000	0,000000	0,000000	0,000000	0,000000	0,000000	0,000000	0,000000
8,442190	0,291297	8,001280	8,022910	8,167532	8,214038	8,221932	8,235174	8,261030	8,438869	8,497271	8,546438	8,554613	8,611203	8,753832	8,830354	8,852540	8,866025	0,000000	0,000000	0,000000	0,000000	0,000000	0,000000	0,000000	0,000000	0,000000	0,000000	0,000000	0,000000	0,000000	0,000000	0,000000	0,000000
8,301015	0,277758	8,013963	8,029271	8,048166	8,055305	8,072656	8,315476	8,374529	8,401460	8,546639	8,720051	8,733647	0,000000	0,000000	0,000000	0,000000	0,000000	0,000000	0,000000	0,000000	0,000000	0,000000	0,000000	0,000000	0,000000	0,000000	0,000000	0,000000	0,000000	0,000000	0,000000	0,000000	0,000000
8,285525	0,280418	7,980902	7,993766	8,008430	8,023445	8,039214	8,058679	8,074466	8,125337	8,194471	8,260886	8,390857	8,441509	8,545903	8,609323	8,623818	8,690123	8,792790	0,000000	0,000000	0,000000	0,000000	0,000000	0,000000	0,000000	0,000000	0,000000	0,000000	0,000000	0,000000	0,000000	0,000000	0,000000
8,212722	0,166365	7,990391	8,028720	8,044389	8,091611	8,102003	8,121646	8,140735	8,149783	8,210372	8,215567	8,230287	8,259190	8,342375	8,447227	8,478623	8,550631	0,000000	0,000000	0,000000	0,000000	0,000000	0,000000	0,000000	0,000000	0,000000	0,000000	0,000000	0,000000	0,000000	0,000000	0,000000	0,000000
8,368009	0,257978	7,984929	8,009172	8,183489	8,224965	8,447966	8,465875	8,486344	8,498221	8,602314	8,776817	0,000000	0,000000	0,000000	0,000000	0,000000	0,000000	0,000000	0,000000	0,000000	0,000000	0,000000	0,000000	0,000000	0,000000	0,000000	0,000000	0,000000	0,000000	0,000000	0,000000	0,000000	0,000000
8,259136	0,231745	7,975575	7,983904	8,003741	8,041565	8,162950	8,204819	8,211887	8,218731	8,225246	8,238652	8,289925	8,318649	8,357216	8,417817	8,712734	8,782762	0,000000	0,000000	0,000000	0,000000	0,000000	0,000000	0,000000	0,000000	0,000000	0,000000	0,000000	0,000000	0,000000	0,000000	0,000000	0,000000
8,400106	0,277206	8,049406	8,094032	8,114686	8,230014	8,538826	8,553645	8,593680	8,638607	8,788060	0,000000	0,000000	0,000000	0,000000	0,000000	0,000000	0,000000	0,000000	0,000000	0,000000	0,000000	0,000000	0,000000	0,000000	0,000000	0,000000	0,000000	0,000000	0,000000	0,000000	0,000000	0,000000	0,000000
8,459446	0,219347	8,137333	8,175144	8,213749	8,249151	8,275097	8,285408	8,405455	8,437807	8,484965	8,541841	8,583981	8,604377	8,689771	8,707245	8,756774	8,803037	0,000000	0,000000	0,000000	0,000000	0,000000	0,000000	0,000000	0,000000	0,000000	0,000000	0,000000	0,000000	0,000000	0,000000	0,000000	0,000000
8,300058	0,334540	7,978860	7,990700	8,014152	8,026340	8,060691	8,111719	8,157461	8,213640	8,232812	8,275802	8,629466	8,804605	8,833227	8,871337	0,000000	0,000000	0,000000	0,000000	0,000000	0,000000	0,000000	0,000000	0,000000	0,000000	0,000000	0,000000	0,000000	0,000000	0,000000	0,000000	0,000000	0,000000
8,337479	0,308242	7,991906	8,003404	8,017806	8,025436	8,050805	8,068742	8,344265	8,390769	8,484254	8,507921	8,582521	8,643221	8,770724	8,842925	0,000000	0,000000	0,000000	0,000000	0,000000	0,000000	0,000000	0,000000	0,000000	0,000000	0,000000	0,000000	0,000000	0,000000	0,000000	0,000000	0,000000	0,000000
8,331792	0,286696	7,982924	7,995863	8,024431	8,070169	8,120810	8,183833	8,197280	8,208933	8,334057	8,482790	8,556780	8,617406	8,640593	8,763025	8,797990	0,000000	0,000000	0,000000	0,000000	0,000000	0,000000	0,000000	0,000000	0,000000	0,000000	0,000000	0,000000	0,000000	0,000000	0,000000	0,000000	0,000000
8,492632	0,262192	7,977052	8,026859	8,162853	8,212836	8,287693	8,363057	8,425825	8,563344	8,576063	8,589170	8,623931	8,638707	8,651625	8,674646	8,751903	8,758050	8,775006	8,808748	0,000000	0,000000	0,000000	0,000000	0,000000	0,000000	0,000000	0,000000	0,000000	0,000000	0,000000	0,000000	0,000000	0,000000
8,368112	0,252383	7,981319	7,995571	8,013683	8,035468	8,069739	8,132436	8,157383	8,204013	8,208889	8,219340	8,277511	8,401948	8,417527	8,422936	8,441590	8,456816	8,524431	8,574470	8,584788	8,609287	8,636443	8,665164	8,712642	8,725756	8,733654	0,000000	0,000000	0,000000	0,000000	0,000000	0,000000	0,000000
8,601415	0,236334	8,053832	8,266987	8,502061	8,666060	8,688859	8,697245	8,710239	8,718377	8,727702	8,762318	8,821883	0,000000	0,000000	0,000000	0,000000	0,000000	0,000000	0,000000	0,000000	0,000000	0,000000	0,000000	0,000000	0,000000	0,000000	0,000000	0,000000	0,000000	0,000000	0,000000	0,000000	0,000000
8,518052	0,209960	8,115566	8,230536	8,410383	8,460242	8,501481	8,529977	8,543832	8,678819	8,702737	8,743872	8,781125	0,000000	0,000000	0,000000	0,000000	0,000000	0,000000	0,000000	0,000000	0,000000	0,000000	0,000000	0,000000	0,000000	0,000000	0,000000	0,000000	0,000000	0,000000	0,000000	0,000000	0,000000
8,368176	0,256198	7,993845	8,020128	8,086733	8,140052	8,208413	8,224226	8,285370	8,410840	8,433555	8,455867	8,504758	8,570735	8,656568	8,749983	8,781571	0,000000	0,000000	0,000000	0,000000	0,000000	0,000000	0,000000	0,000000	0,000000	0,000000	0,000000	0,000000	0,000000	0,000000	0,000000	0,000000	0,000000
8,480569	0,285548	8,042987	8,089736	8,275088	8,287754	8,331155	8,380368	8,541920	8,616531	8,715914	8,817221	8,831915	8,836243	0,000000	0,000000	0,000000	0,000000	0,000000	0,000000	0,000000	0,000000	0,000000	0,000000	0,000000	0,000000	0,000000	0,000000	0,000000	0,000000	0,000000	0,000000	0,000000	0,000000
8,454620	0,289316	7,977071	8,020607	8,077470	8,180556	8,258773	8,362663	8,372432	8,401429	8,522335	8,626924	8,669411	8,681128	8,704185	8,796143	8,802037	8,820748	0,000000	0,000000	0,000000	0,000000	0,000000	0,000000	0,000000	0,000000	0,000000	0,000000	0,000000	0,000000	0,000000	0,000000	0,000000	0,000000
8,354618	0,275018	7,964244	7,982562	8,002312	8,026380	8,050330	8,076113	8,161747	8,182058	8,197524	8,237384	8,263200	8,320211	8,400128	8,481492	8,506005	8,519154	8,584060	8,628010	8,649730	8,669448	8,727310	8,737671	8,789139	0,000000	0,000000	0,000000	0,000000	0,000000	0,000000	0,000000	0,000000	0,000000
8,483174	0,353102	7,990048	8,009567	8,107239	8,174950	8,216807	8,517120	8,760041	8,772237	8,786513	8,808746	8,814011	8,840808	0,000000	0,000000	0,000000	0,000000	0,000000	0,000000	0,000000	0,000000	0,000000	0,000000	0,000000	0,000000	0,000000	0,000000	0,000000	0,000000	0,000000	0,000000	0,000000	0,000000
8,434876	0,248615	7,982011	8,239307	8,304225	8,364272	8,468274	8,545661	8,563762	8,595039	8,851331	0,000000	0,000000	0,000000	0,000000	0,000000	0,000000	0,000000	0,000000	0,000000	0,000000	0,000000	0,000000	0,000000	0,000000	0,000000	0,000000	0,000000	0,000000	0,000000	0,000000	0,000000	0,000000	0,000000
8,328611	0,270638	7,980135	8,025284	8,379510	8,406392	8,529718	8,650629	0,000000	0,000000	0,000000	0,000000	0,000000	0,000000	0,000000	0,000000	0,000000	0,000000	0,000000	0,000000	0,000000	0,000000	0,000000	0,000000	0,000000	0,000000	0,000000	0,000000	0,000000	0,000000	0,000000	0,000000	0,000000	0,000000
8,436033	0,282797	7,984939	7,997982	8,061469	8,453371	8,490984	8,555779	8,589158	8,609849	8,640902	8,655713	8,756217	0,000000	0,000000	0,000000	0,000000	0,000000	0,000000	0,000000	0,000000	0,000000	0,000000	0,000000	0,000000	0,000000	0,000000	0,000000	0,000000	0,000000	0,000000	0,000000	0,000000	0,000000
8,478829	0,296422	7,982630	8,046766	8,214823	8,250721	8,255714	8,293072	8,322550	8,391574	8,426308	8,467172	8,570710	8,582523	8,680661	8,693347	8,699048	8,767731	8,805229	9,168349	0,000000	0,000000	0,000000	0,000000	0,000000	0,000000	0,000000	0,000000	0,000000	0,000000	0,000000	0,000000	0,000000	0,000000
