8,446438	0,294912	7,974709	7,981327	7,988482	8,093509	8,230132	8,401991	8,437146	8,451183	8,510635	8,536885	8,570919	8,619737	8,634048	8,741151	8,768643	8,820664	8,828288	0,000000	0,000000	0,000000	0,000000	0,000000	0,000000	0,000000	0,000000	0,000000	0,000000	0,000000
8,253433	0,280508	7,981543	7,989555	7,996741	8,003629	8,017351	8,032510	8,107217	8,142524	8,164790	8,283137	8,313176	8,327479	8,554381	8,588420	8,737698	8,814776	0,000000	0,000000	0,000000	0,000000	0,000000	0,000000	0,000000	0,000000	0,000000	0,000000	0,000000	0,000000
8,394921	0,328085	7,981816	8,003773	8,038428	8,052883	8,060174	8,086921	8,093289	8,190781	8,223384	8,233275	8,349680	8,507543	8,521947	8,529116	8,564134	8,656262	8,703746	8,738594	8,860440	8,927845	8,969315	0,000000	0,000000	0,000000	0,000000	0,000000	0,000000	0,000000
8,226006	0,218446	7,978779	7,989185	8,002431	8,013425	8,024246	8,071720	8,085579	8,099306	8,118542	8,126340	8,148513	8,187621	8,215223	8,268473	8,282113	8,315874	8,456381	8,493292	8,584857	8,638862	8,645368	0,000000	0,000000	0,000000	0,000000	0,000000	0,000000	0,000000
8,351515	0,268204	7,988718	7,997108	8,057065	8,154527	8,171120	8,311558	8,339519	8,354830	8,506635	8,583640	8,686374	8,702722	8,715873	0,000000	0,000000	0,000000	0,000000	0,000000	0,000000	0,000000	0,000000	0,000000	0,000000	0,000000	0,000000	0,000000	0,000000	0,000000
8,480742	0,261010	8,004385	8,035655	8,068546	8,160545	8,232059	8,348505	8,368336	8,388720	8,563132	8,585997	8,600158	8,608660	8,625038	8,638066	8,645610	8,688261	8,710944	8,719336	8,769222	8,853663	0,000000	0,000000	0,000000	0,000000	0,000000	0,000000	0,000000	0,000000
8,344999	0,276253	7,980762	7,994935	8,002939	8,011465	8,106721	8,111912	8,119706	8,151153	8,160848	8,166114	8,172713	8,186665	8,228072	8,401217	8,409038	8,509744	8,534092	8,560639	8,568093	8,579201	8,599013	8,670721	8,773291	8,790119	8,835790	0,000000	0,000000	0,000000
8,535315	0,299017	7,996764	8,025188	8,039363	8,061895	8,188875	8,538689	8,546755	8,552755	8,563605	8,583475	8,647081	8,661771	8,711439	8,727581	8,764724	8,785430	8,801358	8,825662	8,835349	8,848542	0,000000	0,000000	0,000000	0,000000	0,000000	0,000000	0,000000	0,000000
8,331935	0,347669	7,967369	7,980944	8,003316	8,017895	8,032798	8,046946	8,113038	8,176483	8,227640	8,288812	8,575754	8,647852	8,683813	8,784048	8,850674	8,913580	0,000000	0,000000	0,000000	0,000000	0,000000	0,000000	0,000000	0,000000	0,000000	0,000000	0,000000	0,000000
8,463046	0,237833	8,012372	8,031612	8,274956	8,356741	8,368065	8,389470	8,405393	8,453822	8,469020	8,484544	8,506882	8,580396	8,725613	8,749428	8,790411	8,810014	0,000000	0,000000	0,000000	0,000000	0,000000	0,000000	0,000000	0,000000	0,000000	0,000000	0,000000	0,000000
8,289523	0,204043	7,986388	7,993015	8,007568	8,025663	8,048650	8,171296	8,195920	8,216330	8,231091	8,240248	8,253904	8,259110	8,282823	8,290887	8,318689	8,343960	8,352697	8,362009	8,426582	8,490950	8,496071	8,582856	8,588315	8,783530	0,000000	0,000000	0,000000	0,000000
8,402525	0,355781	7,982839	7,995052	8,002794	8,015479	8,078543	8,212230	8,226357	8,257426	8,557959	8,658392	8,748685	8,800536	8,811679	8,831947	8,857954	0,000000	0,000000	0,000000	0,000000	0,000000	0,000000	0,000000	0,000000	0,000000	0,000000	0,000000	0,000000	0,000000
8,442115	0,256606	7,971746	8,130579	8,207721	8,229548	8,251709	8,312147	8,326352	8,379622	8,404883	8,411395	8,420472	8,508878	8,582510	8,592808	8,627692	8,831346	8,840832	8,927837	0,000000	0,000000	0,000000	0,000000	0,000000	0,000000	0,000000	0,000000	0,000000	0,000000
8,236878	0,244939	7,978840	7,996799	8,004794	8,010981	8,023519	8,097490	8,109043	8,138684	8,152794	8,166042	8,186511	8,278368	8,481512	8,525937	8,550476	8,564165	8,760964	0,000000	0,000000	0,000000	0,000000	0,000000	0,000000	0,000000	0,000000	0,000000	0,000000	0,000000
8,319626	0,245028	8,017895	8,024448	8,031971	8,039477	8,072191	8,178061	8,350846	8,369860	8,382813	8,431194	8,445650	8,514177	8,544886	8,614959	8,775965	0,000000	0,000000	0,000000	0,000000	0,000000	0,000000	0,000000	0,000000	0,000000	0,000000	0,000000	0,000000	0,000000
8,393371	0,252641	7,998900	8,063891	8,076268	8,090362	8,226513	8,297227	8,359473	8,435694	8,491861	8,578183	8,609533	8,632817	8,645409	8,675532	8,718908	0,000000	0,000000	0,000000	0,000000	0,000000	0,000000	0,000000	0,000000	0,000000	0,000000	0,000000	0,000000	0,000000
8,224207	0,203214	7,980681	8,003645	8,011278	8,017643	8,025821	8,065381	8,078999	8,089372	8,166016	8,222550	8,255592	8,275083	8,291521	8,318816	8,371637	8,418877	8,461709	8,501221	8,704098	0,000000	0,000000	0,000000	0,000000	0,000000	0,000000	0,000000	0,000000	0,000000
8,313543	0,281580	8,013382	8,032003	8,038419	8,114853	8,123600	8,135821	8,154436	8,160409	8,175491	8,196233	8,237777	8,271350	8,385168	8,492258	8,738123	8,759588	8,772556	8,842312	0,000000	0,000000	0,000000	0,000000	0,000000	0,000000	0,000000	0,000000	0,000000	0,000000
8,282597	0,333100	7,976041	7,989539	7,996089	8,002686	8,010488	8,021293	8,069350	8,294672	8,308663	8,351271	8,493028	8,731838	8,801812	8,909581	0,000000	0,000000	0,000000	0,000000	0,000000	0,000000	0,000000	0,000000	0,000000	0,000000	0,000000	0,000000	0,000000	0,000000
8,338514	0,355697	7,983176	8,067849	8,081461	8,089807	8,667018	8,716262	8,764025	0,000000	0,000000	0,000000	0,000000	0,000000	0,000000	0,000000	0,000000	0,000000	0,000000	0,000000	0,000000	0,000000	0,000000	0,000000	0,000000	0,000000	0,000000	0,000000	0,000000	0,000000
8,309901	0,207349	7,982720	7,999016	8,127958	8,134328	8,142089	8,239499	8,322203	8,386108	8,403915	8,435874	8,456171	8,535725	8,554148	8,618864	0,000000	0,000000	0,000000	0,000000	0,000000	0,000000	0,000000	0,000000	0,000000	0,000000	0,000000	0,000000	0,000000	0,000000
8,185999	0,214309	7,979909	7,990021	8,002729	8,014496	8,020547	8,027914	8,035643	8,211755	8,234911	8,302927	8,325585	8,354044	8,399736	8,703765	0,000000	0,000000	0,000000	0,000000	0,000000	0,000000	0,000000	0,000000	0,000000	0,000000	0,000000	0,000000	0,000000	0,000000
8,363701	0,228612	7,986093	8,029035	8,055096	8,094031	8,198488	8,240616	8,247159	8,276749	8,370656	8,396629	8,410920	8,416175	8,423065	8,430478	8,445163	8,527142	8,534649	8,641070	8,690968	8,859845	0,000000	0,000000	0,000000	0,000000	0,000000	0,000000	0,000000	0,000000
8,343490	0,288447	7,984033	7,994534	8,008394	8,020134	8,032331	8,047139	8,058872	8,115413	8,239814	8,371866	8,421119	8,445251	8,460231	8,567426	8,626470	8,649399	8,680835	8,695976	8,711426	8,739140	0,000000	0,000000	0,000000	0,000000	0,000000	0,000000	0,000000	0,000000
8,470206	0,262949	7,990672	8,231124	8,414111	8,472799	8,543790	8,572896	8,756791	8,779463	0,000000	0,000000	0,000000	0,000000	0,000000	0,000000	0,000000	0,000000	0,000000	0,000000	0,000000	0,000000	0,000000	0,000000	0,000000	0,000000	0,000000	0,000000	0,000000	0,000000
8,388142	0,252898	7,981995	8,001492	8,008674	8,167402	8,229045	8,249568	8,318114	8,404532	8,539135	8,558818	8,579467	8,584814	8,597933	8,614651	8,665448	8,709188	0,000000	0,000000	0,000000	0,000000	0,000000	0,000000	0,000000	0,000000	0,000000	0,000000	0,000000	0,000000
8,359569	0,298483	7,969484	7,983765	7,998152	8,019376	8,028857	8,051941	8,115782	8,130790	8,254960	8,274315	8,290449	8,335988	8,385776	8,485260	8,508219	8,676383	8,683264	8,689738	8,712271	8,717962	8,787550	8,810245	0,000000	0,000000	0,000000	0,000000	0,000000	0,000000
8,472642	0,275676	7,988316	8,010713	8,185423	8,276060	8,344064	8,385467	8,398764	8,414014	8,440978	8,621018	8,630411	8,644555	8,709756	8,785435	8,847268	8,880036	0,000000	0,000000	0,000000	0,000000	0,000000	0,000000	0,000000	0,000000	0,000000	0,000000	0,000000	0,000000
8,332853	0,256195	7,990648	8,002840	8,021049	8,034399	8,051115	8,139252	8,169622	8,217939	8,355679	8,374827	8,389127	8,523847	8,564371	8,582372	8,615101	8,620844	8,659398	8,678927	0,000000	0,000000	0,000000	0,000000	0,000000	0,000000	0,000000	0,000000	0,000000	0,000000
8,364312	0,292659	7,970510	7,977194	7,998486	8,023208	8,040662	8,046330	8,068191	8,082435	8,144555	8,269541	8,278566	8,291828	8,305173	8,311551	8,350013	8,357008	8,468895	8,485983	8,508927	8,547176	8,621775	8,694946	8,708171	8,732654	8,827184	8,834143	8,891315	0,000000
8,393742	0,343592	7,987455	8,000945	8,009191	8,050490	8,065636	8,082183	8,150036	8,320212	8,448256	8,571056	8,636378	8,718075	8,746320	8,816860	8,825765	8,871015	0,000000	0,000000	0,000000	0,000000	0,000000	0,000000	0,000000	0,000000	0,000000	0,000000	0,000000	0,000000
8,423701	0,243627	8,007547	8,064899	8,078556	8,085770	8,309166	8,359238	8,409185	8,518657	8,532330	8,566436	8,577872	8,600073	8,616688	8,668672	8,681598	8,702532	0,000000	0,000000	0,000000	0,000000	0,000000	0,000000	0,000000	0,000000	0,000000	0,000000	0,000000	0,000000
8,482500	0,287506	8,012643	8,049687	8,118678	8,139619	8,235359	8,293519	8,348567	8,363066	8,422090	8,546028	8,579270	8,647087	8,669636	8,677561	8,690712	8,773359	8,805379	8,839347	8,955892	0,000000	0,000000	0,000000	0,000000	0,000000	0,000000	0,000000	0,000000	0,000000
8,249542	0,222579	7,982713	7,994820	8,008127	8,015219	8,097031	8,111155	8,119091	8,177415	8,209327	8,342398	8,350767	8,355980	8,370311	8,400939	8,409079	8,468656	8,829182	0,000000	0,000000	0,000000	0,000000	0,000000	0,000000	0,000000	0,000000	0,000000	0,000000	0,000000
8,339738	0,256138	7,972934	8,023015	8,029927	8,098129	8,106132	8,120257	8,126353	8,150787	8,159287	8,163861	8,180234	8,269840	8,294955	8,314170	8,396472	8,447128	8,462845	8,477828	8,494022	8,575082	8,622851	8,666002	8,710972	8,805040	8,825325	0,000000	0,000000	0,000000
8,485185	0,343677	7,975956	7,984876	8,033676	8,260549	8,516893	8,548598	8,562811	8,568385	8,800442	8,823093	8,840081	8,906865	0,000000	0,000000	0,000000	0,000000	0,000000	0,000000	0,000000	0,000000	0,000000	0,000000	0,000000	0,000000	0,000000	0,000000	0,000000	0,000000
8,409313	0,252470	7,998120	8,006988	8,117822	8,131267	8,184650	8,201209	8,217036	8,352785	8,380926	8,397562	8,411814	8,518519	8,529676	8,551178	8,593729	8,627655	8,668915	8,724399	8,739757	8,832252	0,000000	0,000000	0,000000	0,000000	0,000000	0,000000	0,000000	0,000000
8,341601	0,279126	7,976491	7,990171	8,015260	8,024657	8,099959	8,116164	8,122459	8,147019	8,152184	8,161632	8,257041	8,314123	8,335116	8,412794	8,418808	8,472289	8,510844	8,523984	8,722361	8,736276	8,745368	8,760542	8,841278	0,000000	0,000000	0,000000	0,000000	0,000000
8,319915	0,250039	7,985244	7,997389	8,055073	8,104061	8,172265	8,248729	8,289894	8,409958	8,450246	8,485474	8,607152	8,669761	8,683648	0,000000	0,000000	0,000000	0,000000	0,000000	0,000000	0,000000	0,000000	0,000000	0,000000	0,000000	0,000000	0,000000	0,000000	0,000000
8,411168	0,187835	8,116369	8,173009	8,319624	8,326573	8,333440	8,343575	8,357867	8,369773	8,455524	8,488519	8,621497	8,662826	8,776592	0,000000	0,000000	0,000000	0,000000	0,000000	0,000000	0,000000	0,000000	0,000000	0,000000	0,000000	0,000000	0,000000	0,000000	0,000000
8,453494	0,310478	8,023012	8,046530	8,221964	8,306379	8,351019	8,493790	8,654418	8,784688	8,806176	8,846962	0,000000	0,000000	0,000000	0,000000	0,000000	0,000000	0,000000	0,000000	0,000000	0,000000	0,000000	0,000000	0,000000	0,000000	0,000000	0,000000	0,000000	0,000000
8,392079	0,268749	8,070382	8,100242	8,109783	8,123725	8,137572	8,170641	8,228518	8,285156	8,323467	8,444384	8,508636	8,523037	8,552051	8,667113	8,737849	8,825017	8,857759	0,000000	0,000000	0,000000	0,000000	0,000000	0,000000	0,000000	0,000000	0,000000	0,000000	0,000000
8,306031	0,286464	7,975602	7,982880	7,988742	7,997182	8,044951	8,097945	8,110264	8,122824	8,138337	8,151255	8,156486	8,230597	8,238366	8,273749	8,402685	8,421473	8,456527	8,538881	8,626709	8,656621	8,662112	8,810046	8,954474	0,000000	0,000000	0,000000	0,000000	0,000000
8,393874	0,320838	7,984317	7,991427	7,998519	8,008604	8,020735	8,059179	8,065364	8,290457	8,325472	8,407248	8,432779	8,536470	8,550972	8,630126	8,676571	8,698982	8,720446	8,783130	8,844689	8,852000	0,000000	0,000000	0,000000	0,000000	0,000000	0,000000	0,000000	0,000000
8,310138	0,252627	7,985470	8,000590	8,006615	8,157454	8,261223	8,269596	8,339473	8,346214	8,394339	8,548856	8,675844	8,735982	0,000000	0,000000	0,000000	0,000000	0,000000	0,000000	0,000000	0,000000	0,000000	0,000000	0,000000	0,000000	0,000000	0,000000	0,000000	0,000000
8,387586	0,185442	8,104821	8,208099	8,231294	8,247960	8,255008	8,260799	8,283788	8,296137	8,376018	8,390521	8,493890	8,508346	8,557308	8,564138	8,637648	8,785599	0,000000	0,000000	0,000000	0,000000	0,000000	0,000000	0,000000	0,000000	0,000000	0,000000	0,000000	0,000000
8,344814	0,374872	7,983354	7,991395	8,005186	8,013665	8,067053	8,142455	8,156921	8,606046	8,620606	8,832513	8,846356	8,872217	0,000000	0,000000	0,000000	0,000000	0,000000	0,000000	0,000000	0,000000	0,000000	0,000000	0,000000	0,000000	0,000000	0,000000	0,000000	0,000000
8,359148	0,325264	7,974492	7,994480	8,004563	8,011069	8,017792	8,024521	8,047934	8,062948	8,070147	8,076766	8,176484	8,272855	8,301654	8,328656	8,345319	8,364414	8,410518	8,416334	8,564582	8,580855	8,592130	8,723721	8,751886	8,847724	8,865039	8,887169	8,982951	0,000000
8,382490	0,247288	7,981892	7,989165	8,000617	8,013653	8,260857	8,297323	8,336358	8,375799	8,421578	8,441639	8,496279	8,502367	8,519112	8,570815	8,633448	8,656449	8,688813	8,698652	0,000000	0,000000	0,000000	0,000000	0,000000	0,000000	0,000000	0,000000	0,000000	0,000000
8,384983	0,311391	7,983767	7,996971	8,006009	8,019891	8,263694	8,297511	8,336113	8,410637	8,423901	8,535323	8,756333	8,770879	8,777631	8,811105	0,000000	0,000000	0,000000	0,000000	0,000000	0,000000	0,000000	0,000000	0,000000	0,000000	0,000000	0,000000	0,000000	0,000000
8,399270	0,308385	8,000163	8,007620	8,013744	8,022172	8,031130	8,064822	8,162520	8,172100	8,245459	8,348915	8,375015	8,439473	8,498215	8,534780	8,570597	8,593168	8,693360	8,733202	8,764226	8,783139	8,828857	8,901257	0,000000	0,000000	0,000000	0,000000	0,000000	0,000000
8,406385	0,244262	7,995556	8,047847	8,062077	8,140834	8,262393	8,275922	8,319868	8,335871	8,342980	8,445362	8,526495	8,544851	8,556921	8,643131	8,647064	8,691449	8,722354	8,753955	0,000000	0,000000	0,000000	0,000000	0,000000	0,000000	0,000000	0,000000	0,000000	0,000000
8,410646	0,281556	7,992652	8,024409	8,036628	8,058030	8,107837	8,121386	8,151366	8,159518	8,182080	8,264868	8,289679	8,324167	8,431560	8,473418	8,491809	8,498869	8,512966	8,533427	8,688432	8,710324	8,727691	8,748412	8,769743	8,784516	8,790390	8,802631	0,000000	0,000000
8,343885	0,272688	7,987637	7,994437	8,001472	8,009196	8,076993	8,118472	8,147754	8,154987	8,161362	8,188138	8,209658	8,215977	8,283754	8,349063	8,403583	8,461669	8,474727	8,496760	8,512632	8,530234	8,692263	8,746038	8,754181	8,783815	8,842309	0,000000	0,000000	0,000000
8,407073	0,272790	7,973700	7,983861	7,994479	8,025948	8,066549	8,167083	8,313174	8,334628	8,341773	8,398095	8,428083	8,448369	8,475711	8,547480	8,564535	8,588792	8,642443	8,660012	8,672201	8,718475	8,790197	8,820013	0,000000	0,000000	0,000000	0,000000	0,000000	0,000000
8,367564	0,261223	8,004354	8,030895	8,046861	8,053548	8,059872	8,117611	8,130887	8,162493	8,228116	8,253336	8,263137	8,291867	8,306343	8,327997	8,381766	8,389567	8,441013	8,505763	8,587579	8,599991	8,634031	8,658666	8,672762	8,749525	8,810756	8,847919	0,000000	0,000000
8,427731	0,311274	8,012541	8,033645	8,105138	8,147441	8,164670	8,177914	8,253720	8,499118	8,543118	8,577313	8,696756	8,702977	8,815872	8,839348	8,846390	0,000000	0,000000	0,000000	0,000000	0,000000	0,000000	0,000000	0,000000	0,000000	0,000000	0,000000	0,000000	0,000000
8,425685	0,302946	7,976268	7,983739	8,005448	8,089608	8,107544	8,125176	8,311738	8,363693	8,429618	8,491199	8,509876	8,524359	8,618028	8,629658	8,702229	8,766985	8,776723	8,818551	8,857567	0,000000	0,000000	0,000000	0,000000	0,000000	0,000000	0,000000	0,000000	0,000000
8,407412	0,189825	7,969558	8,096375	8,120468	8,297236	8,314452	8,358430	8,372615	8,380769	8,427577	8,433877	8,465163	8,470778	8,490757	8,502002	8,516192	8,558813	8,586170	8,656879	8,722708	0,000000	0,000000	0,000000	0,000000	0,000000	0,000000	0,000000	0,000000	0,000000
8,343406	0,265987	7,991899	8,008259	8,022918	8,030553	8,045661	8,074885	8,110696	8,313898	8,327377	8,339920	8,363116	8,434881	8,449442	8,456813	8,468520	8,481874	8,698188	8,708066	8,759759	8,781394	0,000000	0,000000	0,000000	0,000000	0,000000	0,000000	0,000000	0,000000
8,497434	0,275522	8,037238	8,074287	8,152508	8,241678	8,432098	8,486144	8,494845	8,535638	8,663295	8,716993	8,738421	8,766976	8,784912	8,839038	0,000000	0,000000	0,000000	0,000000	0,000000	0,000000	0,000000	0,000000	0,000000	0,000000	0,000000	0,000000	0,000000	0,000000
8,181396	0,189539	7,979546	7,997010	8,007654	8,025556	8,035369	8,047311	8,058051	8,086726	8,139209	8,172184	8,195415	8,205084	8,228916	8,236347	8,250977	8,441361	8,476242	8,682168	0,000000	0,000000	0,000000	0,000000	0,000000	0,000000	0,000000	0,000000	0,000000	0,000000
8,475633	0,227927	8,148192	8,188966	8,270083	8,309060	8,321874	8,328812	8,335809	8,349740	8,368445	8,423638	8,432361	8,454785	8,513149	8,619654	8,629151	8,746936	8,827825	8,858925	8,909621	0,000000	0,000000	0,000000	0,000000	0,000000	0,000000	0,000000	0,000000	0,000000
8,300762	0,276685	7,983724	7,993176	8,018722	8,025290	8,040286	8,052523	8,064792	8,075818	8,140939	8,219368	8,246241	8,278646	8,301108	8,316812	8,346676	8,358672	8,501910	8,628085	8,713017	8,750579	8,766115	8,794265	0,000000	0,000000	0,000000	0,000000	0,000000	0,000000
8,285704	0,310493	8,006254	8,012844	8,020681	8,062527	8,417425	8,438471	8,469067	8,858366	0,000000	0,000000	0,000000	0,000000	0,000000	0,000000	0,000000	0,000000	0,000000	0,000000	0,000000	0,000000	0,000000	0,000000	0,000000	0,000000	0,000000	0,000000	0,000000	0,000000
8,309952	0,270573	7,981573	8,001830	8,009746	8,033664	8,066182	8,115011	8,198382	8,204554	8,212566	8,263534	8,302008	8,362824	8,475191	8,506614	8,619151	8,650880	8,735156	8,840274	0,000000	0,000000	0,000000	0,000000	0,000000	0,000000	0,000000	0,000000	0,000000	0,000000
8,395116	0,350107	7,970895	7,981561	7,996124	8,003551	8,009534	8,019232	8,283455	8,311703	8,359492	8,551224	8,566153	8,572313	8,772523	8,784217	8,822364	8,845648	8,866984	0,000000	0,000000	0,000000	0,000000	0,000000	0,000000	0,000000	0,000000	0,000000	0,000000	0,000000
8,318361	0,251678	8,082966	8,089557	8,097169	8,113440	8,126317	8,374911	8,415123	8,477016	8,699393	8,707715	0,000000	0,000000	0,000000	0,000000	0,000000	0,000000	0,000000	0,000000	0,000000	0,000000	0,000000	0,000000	0,000000	0,000000	0,000000	0,000000	0,000000	0,000000
8,465303	0,279908	7,996678	8,080945	8,094637	8,107393	8,198846	8,239332	8,247544	8,368264	8,376992	8,391330	8,423320	8,452300	8,499072	8,561163	8,608299	8,750999	8,765056	8,772998	8,789824	8,814075	8,835109	8,862479	0,000000	0,000000	0,000000	0,000000	0,000000	0,000000
8,364670	0,266365	7,989553	8,106346	8,122366	8,129362	8,136360	8,159682	8,166739	8,301254	8,406929	8,413420	8,420153	8,562842	8,608873	8,716889	8,770468	8,823482	0,000000	0,000000	0,000000	0,000000	0,000000	0,000000	0,000000	0,000000	0,000000	0,000000	0,000000	0,000000
8,287180	0,293576	7,981314	7,995827	8,000433	8,008532	8,022519	8,052051	8,080761	8,237778	8,352982	8,440776	8,455838	8,512361	8,615614	8,719997	8,830923	0,000000	0,000000	0,000000	0,000000	0,000000	0,000000	0,000000	0,000000	0,000000	0,000000	0,000000	0,000000	0,000000
8,210895	0,223710	7,972034	7,981188	7,989118	7,994969	8,003928	8,023066	8,076732	8,125316	8,149313	8,185571	8,208517	8,265715	8,291168	8,360529	8,391849	8,437749	8,657995	8,681358	0,000000	0,000000	0,000000	0,000000	0,000000	0,000000	0,000000	0,000000	0,000000	0,000000
8,356270	0,305083	7,984930	7,994551	8,007356	8,018954	8,033463	8,064486	8,083436	8,121989	8,142328	8,162131	8,176852	8,233153	8,314357	8,406531	8,411047	8,438819	8,444016	8,513514	8,625155	8,662239	8,754154	8,771634	8,780044	8,821827	8,939777	0,000000	0,000000	0,000000
8,309540	0,248653	7,988167	8,007898	8,017632	8,031641	8,127995	8,165573	8,172223	8,227652	8,261997	8,292790	8,300563	8,306558	8,355031	8,376533	8,400322	8,627977	8,711909	8,739759	8,769035	0,000000	0,000000	0,000000	0,000000	0,000000	0,000000	0,000000	0,000000	0,000000
8,422280	0,363523	7,966685	7,974534	7,983670	7,989139	7,997186	8,003980	8,010330	8,380988	8,394062	8,458726	8,704311	8,710711	8,717762	8,754038	8,766572	8,770662	8,778030	8,810874	8,851070	0,000000	0,000000	0,000000	0,000000	0,000000	0,000000	0,000000	0,000000	0,000000
8,311803	0,306752	7,981384	7,987324	7,994517	8,002229	8,016194	8,026771	8,034797	8,040441	8,142742	8,156656	8,193660	8,259136	8,269465	8,353877	8,366680	8,379253	8,453375	8,540914	8,708452	8,745975	8,773428	8,859452	8,884753	0,000000	0,000000	0,000000	0,000000	0,000000
8,334369	0,277890	7,990153	7,997048	8,003918	8,012044	8,021280	8,061625	8,083686	8,292942	8,301474	8,325333	8,335782	8,354040	8,395562	8,450326	8,551769	8,572906	8,617955	8,729937	8,771253	8,818340	0,000000	0,000000	0,000000	0,000000	0,000000	0,000000	0,000000	0,000000
8,475205	0,257442	7,994177	8,024683	8,042343	8,102015	8,244447	8,346851	8,379137	8,393655	8,413282	8,453370	8,484607	8,582290	8,593263	8,649035	8,683415	8,690361	8,696379	8,707517	8,713319	8,721250	8,736978	8,802146	0,000000	0,000000	0,000000	0,000000	0,000000	0,000000
8,394852	0,224381	8,041040	8,133769	8,147223	8,170870	8,218092	8,429664	8,444106	8,456931	8,480587	8,494558	8,503336	8,525054	8,629971	8,852722	0,000000	0,000000	0,000000	0,000000	0,000000	0,000000	0,000000	0,000000	0,000000	0,000000	0,000000	0,000000	0,000000	0,000000
8,315112	0,247467	7,996690	8,007583	8,018642	8,029314	8,054464	8,105414	8,129112	8,160281	8,185998	8,253315	8,260870	8,273539	8,297818	8,357060	8,419960	8,428005	8,435761	8,464362	8,518817	8,539516	8,689660	8,803085	8,818312	0,000000	0,000000	0,000000	0,000000	0,000000
8,436809	0,287126	7,969413	8,057420	8,156173	8,167646	8,181387	8,367823	8,382266	8,424901	8,509174	8,539625	8,637743	8,700522	8,777460	8,833165	8,847411	0,000000	0,000000	0,000000	0,000000	0,000000	0,000000	0,000000	0,000000	0,000000	0,000000	0,000000	0,000000	0,000000
8,314236	0,256433	7,984261	7,994520	8,044492	8,086584	8,206136	8,219812	8,322630	8,515827	8,567000	8,599162	8,608042	8,622365	0,000000	0,000000	0,000000	0,000000	0,000000	0,000000	0,000000	0,000000	0,000000	0,000000	0,000000	0,000000	0,000000	0,000000	0,000000	0,000000
8,348147	0,297465	7,997672	8,012521	8,019443	8,029834	8,098726	8,111115	8,117552	8,125042	8,132412	8,152650	8,434278	8,462728	8,490751	8,501085	8,518863	8,644992	8,721968	8,745212	8,811533	8,834566	0,000000	0,000000	0,000000	0,000000	0,000000	0,000000	0,000000	0,000000
8,410364	0,231920	8,026150	8,097721	8,145644	8,198667	8,205237	8,263123	8,276723	8,286910	8,372616	8,426186	8,517893	8,553186	8,582938	8,621910	8,636973	8,701734	8,727790	8,745153	0,000000	0,000000	0,000000	0,000000	0,000000	0,000000	0,000000	0,000000	0,000000	0,000000
8,439363	0,280881	7,996788	8,023635	8,082021	8,182670	8,216126	8,221069	8,228492	8,244779	8,483037	8,497309	8,518914	8,529432	8,586855	8,651631	8,689716	8,729692	8,764509	8,834222	8,866994	0,000000	0,000000	0,000000	0,000000	0,000000	0,000000	0,000000	0,000000	0,000000
8,364254	0,207731	8,004354	8,043673	8,106400	8,208352	8,243417	8,250761	8,257377	8,322949	8,329764	8,344650	8,368721	8,417379	8,431129	8,464380	8,496569	8,539864	8,604949	8,722693	8,763454	0,000000	0,000000	0,000000	0,000000	0,000000	0,000000	0,000000	0,000000	0,000000
8,456018	0,288480	7,985216	8,026467	8,053114	8,109185	8,115968	8,123428	8,259020	8,350152	8,357332	8,443119	8,459986	8,479149	8,502484	8,523332	8,550051	8,610412	8,691207	8,728558	8,750428	8,811970	8,831716	8,847490	8,878629	0,000000	0,000000	0,000000	0,000000	0,000000
8,488690	0,273334	7,999514	8,037182	8,148631	8,162411	8,266261	8,280473	8,287811	8,302411	8,430427	8,445265	8,482377	8,492293	8,526501	8,558140	8,567748	8,579560	8,592723	8,817622	8,829818	8,835738	8,843066	8,849276	8,904621	0,000000	0,000000	0,000000	0,000000	0,000000
8,344859	0,317380	7,991227	8,000166	8,014669	8,022177	8,045381	8,112716	8,211264	8,224219	8,231999	8,373682	8,566790	8,681162	8,703002	8,717067	8,796187	8,826038	0,000000	0,000000	0,000000	0,000000	0,000000	0,000000	0,000000	0,000000	0,000000	0,000000	0,000000	0,000000
8,374265	0,246114	8,015193	8,023255	8,070042	8,077224	8,175524	8,236760	8,319335	8,405810	8,454967	8,499216	8,517032	8,530554	8,607575	8,652268	8,694882	8,708611	0,000000	0,000000	0,000000	0,000000	0,000000	0,000000	0,000000	0,000000	0,000000	0,000000	0,000000	0,000000
8,309292	0,236469	7,992231	8,003977	8,037350	8,107020	8,135829	8,155381	8,181466	8,209171	8,222611	8,279758	8,288349	8,374935	8,503189	8,512865	8,562214	8,596393	8,617300	8,787211	0,000000	0,000000	0,000000	0,000000	0,000000	0,000000	0,000000	0,000000	0,000000	0,000000
8,232269	0,327100	7,958850	7,980916	7,985762	7,996696	8,004247	8,010618	8,020161	8,036524	8,064953	8,156741	8,276093	8,319095	8,396180	8,811555	8,842216	8,855691	0,000000	0,000000	0,000000	0,000000	0,000000	0,000000	0,000000	0,000000	0,000000	0,000000	0,000000	0,000000
8,368883	0,276972	7,974109	7,982533	8,007839	8,022437	8,036662	8,100764	8,149634	8,289017	8,335672	8,390573	8,510959	8,530464	8,539341	8,546247	8,556036	8,585865	8,623407	8,643497	8,739572	8,813030	0,000000	0,000000	0,000000	0,000000	0,000000	0,000000	0,000000	0,000000
8,426603	0,280737	7,987854	7,996178	8,272182	8,387162	8,415781	8,428045	8,600106	8,660149	8,755336	8,763236	0,000000	0,000000	0,000000	0,000000	0,000000	0,000000	0,000000	0,000000	0,000000	0,000000	0,000000	0,000000	0,000000	0,000000	0,000000	0,000000	0,000000	0,000000
8,248496	0,246318	7,972294	7,986468	7,996850	8,010358	8,019872	8,052476	8,102446	8,116224	8,128940	8,136017	8,144094	8,164051	8,176536	8,261577	8,287332	8,387868	8,432842	8,460128	8,518874	8,552636	8,775584	8,783444	0,000000	0,000000	0,000000	0,000000	0,000000	0,000000
8,356507	0,251549	7,979498	8,105555	8,131784	8,145561	8,167693	8,196943	8,214364	8,253336	8,257580	8,275655	8,286400	8,313270	8,332437	8,383079	8,390933	8,588363	8,648961	8,783084	8,834422	8,841223	0,000000	0,000000	0,000000	0,000000	0,000000	0,000000	0,000000	0,000000
8,361432	0,259234	7,979811	7,991599	8,012754	8,039936	8,052043	8,257323	8,285545	8,308396	8,350456	8,357222	8,378488	8,389950	8,508170	8,557952	8,597574	8,623664	8,683211	8,723644	8,769475	0,000000	0,000000	0,000000	0,000000	0,000000	0,000000	0,000000	0,000000	0,000000
8,476387	0,224992	7,997177	8,083086	8,319122	8,332544	8,374661	8,413046	8,476819	8,482437	8,499082	8,509764	8,553697	8,631992	8,650390	8,740878	8,767134	8,790369	0,000000	0,000000	0,000000	0,000000	0,000000	0,000000	0,000000	0,000000	0,000000	0,000000	0,000000	0,000000
8,506299	0,288121	8,028365	8,063962	8,221719	8,230333	8,243883	8,316554	8,372953	8,490686	8,504334	8,555335	8,722171	8,728651	8,743698	8,784222	8,843304	8,851269	8,905642	0,000000	0,000000	0,000000	0,000000	0,000000	0,000000	0,000000	0,000000	0,000000	0,000000	0,000000
8,446300	0,209291	8,122985	8,163849	8,248436	8,262857	8,272415	8,285570	8,309897	8,329921	8,467061	8,496783	8,513859	8,523953	8,537182	8,545459	8,605683	8,746344	8,776090	8,825060	0,000000	0,000000	0,000000	0,000000	0,000000	0,000000	0,000000	0,000000	0,000000	0,000000
8,389580	0,222372	8,019472	8,036563	8,048328	8,108528	8,153332	8,262839	8,329554	8,376947	8,401466	8,416417	8,436971	8,482778	8,497745	8,504319	8,541117	8,558631	8,573312	8,599565	8,621869	8,821840	0,000000	0,000000	0,000000	0,000000	0,000000	0,000000	0,000000	0,000000
8,366667	0,282694	7,983091	8,001693	8,015142	8,027167	8,040319	8,088763	8,129647	8,271598	8,324531	8,373664	8,397269	8,421169	8,509775	8,516546	8,628781	8,674119	8,690642	8,728420	8,746090	8,764908	0,000000	0,000000	0,000000	0,000000	0,000000	0,000000	0,000000	0,000000
8,318192	0,274857	8,002204	8,015217	8,023440	8,060128	8,068014	8,073612	8,093770	8,124189	8,142494	8,168965	8,177538	8,189429	8,195279	8,229680	8,244755	8,395573	8,426962	8,448145	8,553755	8,558360	8,579758	8,708008	8,811062	8,825562	8,838911	0,000000	0,000000	0,000000
8,362955	0,272804	8,015686	8,026162	8,042971	8,075671	8,111986	8,117538	8,129611	8,154651	8,166278	8,192886	8,212637	8,346143	8,366003	8,391366	8,400631	8,413630	8,457818	8,596269	8,666677	8,701143	8,727280	8,772609	8,786222	8,839050	0,000000	0,000000	0,000000	0,000000
8,478163	0,225734	8,218225	8,233166	8,247128	8,259494	8,314564	8,529193	8,613727	8,641078	8,669929	8,726243	8,807050	0,000000	0,000000	0,000000	0,000000	0,000000	0,000000	0,000000	0,000000	0,000000	0,000000	0,000000	0,000000	0,000000	0,000000	0,000000	0,000000	0,000000
8,388934	0,280774	7,961891	7,969610	8,043951	8,073897	8,086738	8,117674	8,220024	8,231681	8,284894	8,311492	8,323070	8,425761	8,486305	8,525575	8,536853	8,550342	8,591049	8,635518	8,772616	8,791378	8,804474	8,811763	0,000000	0,000000	0,000000	0,000000	0,000000	0,000000
8,514537	0,211209	8,063352	8,217681	8,244193	8,375827	8,393380	8,405546	8,420061	8,433509	8,446923	8,486373	8,547151	8,608459	8,648294	8,663649	8,688281	8,746851	8,778940	8,799743	8,807988	0,000000	0,000000	0,000000	0,000000	0,000000	0,000000	0,000000	0,000000	0,000000
8,332995	0,271731	7,955971	7,971270	7,978067	7,984412	8,139954	8,203952	8,264483	8,473550	8,497113	8,511515	8,517956	8,596265	8,600838	8,642626	8,656956	0,000000	0,000000	0,000000	0,000000	0,000000	0,000000	0,000000	0,000000	0,000000	0,000000	0,000000	0,000000	0,000000
8,429788	0,296018	8,004189	8,012176	8,018410	8,026481	8,146168	8,175174	8,198175	8,233015	8,330233	8,353975	8,447722	8,504385	8,510064	8,533244	8,567817	8,649496	8,682013	8,734421	8,771789	8,833806	8,854478	8,868097	0,000000	0,000000	0,000000	0,000000	0,000000	0,000000
8,262790	0,295383	7,977689	8,002634	8,015097	8,060953	8,081480	8,140276	8,154474	8,184491	8,323663	8,363056	8,407569	8,845262	8,859628	0,000000	0,000000	0,000000	0,000000	0,000000	0,000000	0,000000	0,000000	0,000000	0,000000	0,000000	0,000000	0,000000	0,000000	0,000000
8,298699	0,247295	7,985433	8,020825	8,061613	8,068178	8,075782	8,134079	8,175999	8,207287	8,222950	8,384679	8,455394	8,469286	8,552243	8,592719	8,601664	8,771049	0,000000	0,000000	0,000000	0,000000	0,000000	0,000000	0,000000	0,000000	0,000000	0,000000	0,000000	0,000000
8,362024	0,251552	7,968661	8,099063	8,125949	8,132036	8,138972	8,146256	8,219623	8,252402	8,278173	8,479287	8,493334	8,504452	8,592623	8,600819	8,621272	8,668836	8,832651	0,000000	0,000000	0,000000	0,000000	0,000000	0,000000	0,000000	0,000000	0,000000	0,000000	0,000000
8,385907	0,210833	8,004228	8,096356	8,134147	8,165197	8,176044	8,189540	8,210923	8,271150	8,283157	8,296943	8,319599	8,331870	8,346167	8,353534	8,385552	8,392328	8,423965	8,431409	8,451510	8,528130	8,537520	8,561323	8,567059	8,613669	8,667345	8,826343	8,854479	0,000000
8,366322	0,215136	7,983384	8,050477	8,085066	8,101932	8,288331	8,298084	8,310648	8,318720	8,332274	8,345960	8,401496	8,412440	8,434034	8,451769	8,537554	8,550746	8,572364	8,652741	8,832095	0,000000	0,000000	0,000000	0,000000	0,000000	0,000000	0,000000	0,000000	0,000000
8,378839	0,305441	7,981958	7,993230	7,998972	8,005669	8,288566	8,317476	8,323959	8,334755	8,526842	8,610623	8,624344	8,650754	8,798119	8,848476	0,000000	0,000000	0,000000	0,000000	0,000000	0,000000	0,000000	0,000000	0,000000	0,000000	0,000000	0,000000	0,000000	0,000000
8,351840	0,314396	8,058865	8,102059	8,600658	8,645777	0,000000	0,000000	0,000000	0,000000	0,000000	0,000000	0,000000	0,000000	0,000000	0,000000	0,000000	0,000000	0,000000	0,000000	0,000000	0,000000	0,000000	0,000000	0,000000	0,000000	0,000000	0,000000	0,000000	0,000000
8,377847	0,252876	7,978365	7,989783	8,014384	8,026556	8,143115	8,179992	8,217025	8,282299	8,331848	8,382288	8,390250	8,396867	8,401621	8,412835	8,468669	8,479753	8,496821	8,536723	8,565790	8,618037	8,632894	8,837528	8,907049	0,000000	0,000000	0,000000	0,000000	0,000000
8,290667	0,315703	7,971576	7,983281	7,991273	7,997889	8,017029	8,038553	8,055626	8,124966	8,156052	8,386349	8,486151	8,511526	8,681212	8,716536	8,738301	8,794347	0,000000	0,000000	0,000000	0,000000	0,000000	0,000000	0,000000	0,000000	0,000000	0,000000	0,000000	0,000000
8,369994	0,292246	7,993869	8,040530	8,061166	8,202115	8,292752	8,486958	8,499448	8,603102	8,751624	8,768379	0,000000	0,000000	0,000000	0,000000	0,000000	0,000000	0,000000	0,000000	0,000000	0,000000	0,000000	0,000000	0,000000	0,000000	0,000000	0,000000	0,000000	0,000000
8,517092	0,251861	7,990823	8,045133	8,358932	8,396481	8,459946	8,523225	8,580075	8,593858	8,602815	8,660310	8,688865	8,737891	8,748083	8,852857	0,000000	0,000000	0,000000	0,000000	0,000000	0,000000	0,000000	0,000000	0,000000	0,000000	0,000000	0,000000	0,000000	0,000000
8,255529	0,247678	7,985094	7,999332	8,008442	8,083951	8,097852	8,114777	8,131644	8,162052	8,180266	8,194191	8,212133	8,226320	8,233184	8,348589	8,493031	8,534083	8,761989	8,832595	0,000000	0,000000	0,000000	0,000000	0,000000	0,000000	0,000000	0,000000	0,000000	0,000000
8,388612	0,255031	7,988673	8,000997	8,013975	8,061974	8,111465	8,164187	8,217933	8,223158	8,235115	8,283694	8,338878	8,359400	8,408444	8,460269	8,485965	8,573798	8,619007	8,645349	8,653517	8,659763	8,677361	8,686017	8,699323	8,758422	0,000000	0,000000	0,000000	0,000000
8,357468	0,232883	8,013775	8,069961	8,138953	8,154410	8,194357	8,221903	8,422162	8,454603	8,512778	8,563143	8,591139	8,607897	8,701999	0,000000	0,000000	0,000000	0,000000	0,000000	0,000000	0,000000	0,000000	0,000000	0,000000	0,000000	0,000000	0,000000	0,000000	0,000000
8,386897	0,294402	7,982420	7,996190	8,002594	8,009061	8,024792	8,125134	8,162356	8,195172	8,207720	8,265249	8,315922	8,335445	8,348231	8,366158	8,381918	8,520368	8,551439	8,558339	8,595823	8,622481	8,758392	8,793716	8,809100	8,828310	8,916091	0,000000	0,000000	0,000000
8,446862	0,279491	7,978241	7,992398	7,999836	8,199665	8,219993	8,233362	8,273822	8,449824	8,488504	8,526790	8,536180	8,544616	8,591858	8,626074	8,723041	8,748621	8,761142	8,788029	8,808378	0,000000	0,000000	0,000000	0,000000	0,000000	0,000000	0,000000	0,000000	0,000000
8,298738	0,264186	7,988590	7,995486	8,010473	8,068273	8,097243	8,130892	8,154212	8,167478	8,190689	8,214201	8,223120	8,341041	8,363084	8,430824	8,487727	8,535313	8,577852	8,838085	8,861448	0,000000	0,000000	0,000000	0,000000	0,000000	0,000000	0,000000	0,000000	0,000000
8,438418	0,324658	7,997729	8,011825	8,018992	8,047316	8,117928	8,209296	8,332614	8,457002	8,627480	8,634548	8,680244	8,711595	8,760676	8,787934	8,802357	8,817157	0,000000	0,000000	0,000000	0,000000	0,000000	0,000000	0,000000	0,000000	0,000000	0,000000	0,000000	0,000000
8,476574	0,278948	7,988537	8,010857	8,058553	8,315476	8,329448	8,376473	8,413355	8,427312	8,466010	8,494912	8,613083	8,695109	8,711643	8,721465	8,802776	8,817718	8,859035	0,000000	0,000000	0,000000	0,000000	0,000000	0,000000	0,000000	0,000000	0,000000	0,000000	0,000000
8,333221	0,265911	7,999429	8,009152	8,022626	8,031377	8,117268	8,130986	8,166182	8,202418	8,217119	8,233761	8,247008	8,285742	8,471839	8,493360	8,508233	8,664514	8,669373	8,724460	8,731128	8,738441	0,000000	0,000000	0,000000	0,000000	0,000000	0,000000	0,000000	0,000000
8,506864	0,262076	7,968352	7,993550	8,181236	8,194947	8,403113	8,425090	8,452582	8,500458	8,514194	8,537532	8,602015	8,647426	8,654415	8,661436	8,687459	8,765216	8,784532	8,815993	8,840878	0,000000	0,000000	0,000000	0,000000	0,000000	0,000000	0,000000	0,000000	0,000000
8,348719	0,309558	7,981654	7,996070	8,003086	8,014586	8,033669	8,039237	8,054135	8,065260	8,096745	8,135687	8,209475	8,299615	8,372698	8,419736	8,444179	8,472076	8,507996	8,541566	8,696152	8,761917	8,789537	8,796015	8,811235	8,826940	0,000000	0,000000	0,000000	0,000000
8,354054	0,287108	7,977721	7,991343	7,999312	8,032122	8,207351	8,256845	8,291973	8,305463	8,313980	8,389721	8,411359	8,514709	8,546869	8,741661	8,824582	8,859846	0,000000	0,000000	0,000000	0,000000	0,000000	0,000000	0,000000	0,000000	0,000000	0,000000	0,000000	0,000000
8,300145	0,286258	7,972790	7,996237	8,010826	8,016334	8,024683	8,036124	8,059981	8,134481	8,150236	8,160545	8,173153	8,287475	8,378186	8,394515	8,423312	8,502412	8,616242	8,638428	8,654156	8,829217	8,843718	0,000000	0,000000	0,000000	0,000000	0,000000	0,000000	0,000000
8,406142	0,289389	7,986632	7,999216	8,139760	8,150858	8,174533	8,194162	8,201727	8,332467	8,364773	8,377875	8,390648	8,415127	8,648155	8,722074	8,753695	8,771956	8,812704	8,874187	0,000000	0,000000	0,000000	0,000000	0,000000	0,000000	0,000000	0,000000	0,000000	0,000000
8,436915	0,264516	7,979219	7,994153	8,002623	8,010651	8,029292	8,226738	8,348519	8,376712	8,407765	8,438148	8,477714	8,490905	8,497165	8,504542	8,551925	8,562676	8,621905	8,637894	8,678824	8,687192	8,693374	8,723682	8,757717	8,786636	0,000000	0,000000	0,000000	0,000000
8,332391	0,269845	7,985536	7,992245	7,999540	8,007166	8,120393	8,152057	8,176615	8,231517	8,289133	8,299551	8,311918	8,381737	8,435422	8,441635	8,544139	8,639719	8,704621	8,787431	8,815055	0,000000	0,000000	0,000000	0,000000	0,000000	0,000000	0,000000	0,000000	0,000000
8,426471	0,273582	8,000651	8,017880	8,052274	8,067927	8,259687	8,334630	8,388070	8,484773	8,533545	8,567952	8,576436	8,637753	8,676474	8,707351	8,717261	8,800865	0,000000	0,000000	0,000000	0,000000	0,000000	0,000000	0,000000	0,000000	0,000000	0,000000	0,000000	0,000000
8,205807	0,204751	7,969122	7,990637	8,002321	8,049219	8,093527	8,106648	8,120903	8,222660	8,308495	8,344971	8,399080	8,428446	8,639469	0,000000	0,000000	0,000000	0,000000	0,000000	0,000000	0,000000	0,000000	0,000000	0,000000	0,000000	0,000000	0,000000	0,000000	0,000000
8,298453	0,263638	7,987878	7,994040	8,000920	8,009055	8,173438	8,179627	8,186147	8,202236	8,224092	8,242628	8,294494	8,362895	8,416692	8,581803	8,689762	8,712034	8,815956	0,000000	0,000000	0,000000	0,000000	0,000000	0,000000	0,000000	0,000000	0,000000	0,000000	0,000000
8,291051	0,285349	7,976952	8,011047	8,017619	8,025375	8,041909	8,115745	8,159614	8,365814	8,544544	8,559093	8,620317	8,634116	8,711524	0,000000	0,000000	0,000000	0,000000	0,000000	0,000000	0,000000	0,000000	0,000000	0,000000	0,000000	0,000000	0,000000	0,000000	0,000000
8,326035	0,227547	7,991542	8,003876	8,013536	8,193036	8,324603	8,329647	8,368440	8,393756	8,407042	8,456175	8,468833	8,506442	8,781533	0,000000	0,000000	0,000000	0,000000	0,000000	0,000000	0,000000	0,000000	0,000000	0,000000	0,000000	0,000000	0,000000	0,000000	0,000000
8,473976	0,307289	7,982322	7,996238	8,009951	8,343318	8,356897	8,391819	8,462350	8,589881	8,666369	8,681671	8,709510	8,755661	8,821193	8,868480	0,000000	0,000000	0,000000	0,000000	0,000000	0,000000	0,000000	0,000000	0,000000	0,000000	0,000000	0,000000	0,000000	0,000000
8,213272	0,203743	7,978116	7,985885	7,992914	7,998951	8,021197	8,026732	8,037756	8,051453	8,155473	8,169802	8,246801	8,255585	8,265580	8,278146	8,305196	8,400585	8,450146	8,500313	8,530817	8,613988	0,000000	0,000000	0,000000	0,000000	0,000000	0,000000	0,000000	0,000000
8,464326	0,258369	7,996895	8,009245	8,037957	8,111070	8,160781	8,364259	8,496695	8,510373	8,530995	8,543242	8,556200	8,578044	8,583348	8,599099	8,615702	8,633912	8,680974	8,706937	8,747831	8,822963	0,000000	0,000000	0,000000	0,000000	0,000000	0,000000	0,000000	0,000000
8,402990	0,306050	7,980481	7,993959	8,002731	8,064339	8,100112	8,193528	8,307125	8,321246	8,329618	8,365306	8,551913	8,574656	8,593237	8,641436	8,746811	8,778486	8,823877	8,884949	0,000000	0,000000	0,000000	0,000000	0,000000	0,000000	0,000000	0,000000	0,000000	0,000000
8,387007	0,308317	7,996722	8,016145	8,034713	8,067265	8,177856	8,299522	8,318142	8,331805	8,520003	8,545863	8,712412	8,765888	8,807399	8,824369	0,000000	0,000000	0,000000	0,000000	0,000000	0,000000	0,000000	0,000000	0,000000	0,000000	0,000000	0,000000	0,000000	0,000000
8,376231	0,316984	7,993160	8,006636	8,034801	8,091757	8,121770	8,128697	8,168585	8,194864	8,208517	8,229232	8,237835	8,257636	8,449047	8,662348	8,702488	8,714059	8,774775	8,803514	8,843681	8,901212	0,000000	0,000000	0,000000	0,000000	0,000000	0,000000	0,000000	0,000000
8,244313	0,220450	7,993037	8,002166	8,009868	8,039284	8,096493	8,119917	8,131575	8,146605	8,160950	8,176216	8,203229	8,248505	8,261466	8,269625	8,310484	8,350648	8,366886	8,502189	8,636688	8,860438	0,000000	0,000000	0,000000	0,000000	0,000000	0,000000	0,000000	0,000000
8,411678	0,289579	7,976186	7,988586	8,134847	8,151727	8,158551	8,235701	8,263842	8,273125	8,324625	8,351864	8,365590	8,462855	8,545624	8,559958	8,701738	8,731102	8,838598	8,877185	8,880177	0,000000	0,000000	0,000000	0,000000	0,000000	0,000000	0,000000	0,000000	0,000000
8,361048	0,322468	7,975778	7,998133	8,003356	8,022435	8,041197	8,148092	8,154748	8,217136	8,242836	8,335654	8,395111	8,429024	8,534464	8,700600	8,776149	8,810585	8,821993	8,891568	0,000000	0,000000	0,000000	0,000000	0,000000	0,000000	0,000000	0,000000	0,000000	0,000000
8,451746	0,279522	8,003437	8,031760	8,055351	8,100092	8,117159	8,174089	8,247522	8,275593	8,393782	8,443511	8,477498	8,504342	8,515526	8,528848	8,554020	8,598461	8,625411	8,664634	8,736932	8,785330	8,832353	8,854086	8,870421	0,000000	0,000000	0,000000	0,000000	0,000000
8,387187	0,226596	7,994328	8,085372	8,130363	8,167617	8,249024	8,260716	8,272538	8,335155	8,354210	8,405881	8,451728	8,457326	8,464252	8,545491	8,592358	8,636871	8,744687	8,821444	0,000000	0,000000	0,000000	0,000000	0,000000	0,000000	0,000000	0,000000	0,000000	0,000000
8,288636	0,207673	7,981080	8,077285	8,095289	8,114761	8,199960	8,239193	8,247058	8,427613	8,441893	8,480436	8,521797	8,637264	0,000000	0,000000	0,000000	0,000000	0,000000	0,000000	0,000000	0,000000	0,000000	0,000000	0,000000	0,000000	0,000000	0,000000	0,000000	0,000000
8,405361	0,306685	7,996294	8,003068	8,011069	8,033581	8,043535	8,130916	8,175003	8,310272	8,453212	8,471681	8,476327	8,493618	8,606863	8,657231	8,685397	8,702290	8,779699	8,816079	8,855727	0,000000	0,000000	0,000000	0,000000	0,000000	0,000000	0,000000	0,000000	0,000000
8,319137	0,245336	7,988478	8,021940	8,051628	8,056428	8,063627	8,091969	8,281576	8,289471	8,317509	8,330780	8,410165	8,479107	8,487069	8,500475	8,611984	8,700694	8,742421	0,000000	0,000000	0,000000	0,000000	0,000000	0,000000	0,000000	0,000000	0,000000	0,000000	0,000000
8,304071	0,285949	7,988079	7,994901	8,003348	8,012760	8,053397	8,120715	8,164455	8,288264	8,315140	8,343564	8,545294	8,582646	8,642767	8,715579	8,790151	0,000000	0,000000	0,000000	0,000000	0,000000	0,000000	0,000000	0,000000	0,000000	0,000000	0,000000	0,000000	0,000000
8,299700	0,204198	8,067348	8,081822	8,097933	8,153114	8,173154	8,187936	8,212408	8,218822	8,232749	8,286054	8,291677	8,306552	8,327163	8,455931	8,550973	8,676100	8,775169	0,000000	0,000000	0,000000	0,000000	0,000000	0,000000	0,000000	0,000000	0,000000	0,000000	0,000000
8,378193	0,269362	7,967853	7,986431	7,999365	8,078260	8,085515	8,091827	8,100156	8,139667	8,264636	8,274368	8,313509	8,419663	8,459264	8,494866	8,507564	8,526759	8,552305	8,594014	8,627416	8,687182	8,701554	8,710628	8,719042	8,774782	0,000000	0,000000	0,000000	0,000000
8,437975	0,296441	8,075486	8,089076	8,097497	8,114129	8,166286	8,262494	8,295434	8,308061	8,330068	8,370373	8,425839	8,612745	8,640694	8,662609	8,756378	8,805681	8,870688	9,000013	0,000000	0,000000	0,000000	0,000000	0,000000	0,000000	0,000000	0,000000	0,000000	0,000000
8,320118	0,249285	7,985182	7,998794	8,005443	8,027025	8,109254	8,129226	8,173633	8,261411	8,337158	8,367547	8,373161	8,400546	8,408354	8,513876	8,625896	8,643442	8,652118	8,750065	0,000000	0,000000	0,000000	0,000000	0,000000	0,000000	0,000000	0,000000	0,000000	0,000000
8,331520	0,181541	7,981581	7,992771	8,221427	8,245453	8,254069	8,260626	8,267711	8,306081	8,389925	8,403663	8,424912	8,442939	8,465668	8,472497	8,479780	8,695212	0,000000	0,000000	0,000000	0,000000	0,000000	0,000000	0,000000	0,000000	0,000000	0,000000	0,000000	0,000000
8,390273	0,265208	7,979411	7,994548	8,001447	8,057759	8,113258	8,190210	8,204524	8,213021	8,245610	8,270668	8,293601	8,342160	8,378068	8,458840	8,465425	8,487192	8,492692	8,566539	8,581985	8,610097	8,638947	8,696362	8,784943	8,830927	8,858587	0,000000	0,000000	0,000000
8,353908	0,214861	7,986040	8,072881	8,139031	8,172115	8,197414	8,211078	8,263843	8,272237	8,286305	8,365237	8,408351	8,447059	8,461279	8,469875	8,533659	8,644709	8,665132	8,774100	0,000000	0,000000	0,000000	0,000000	0,000000	0,000000	0,000000	0,000000	0,000000	0,000000
8,204204	0,248290	7,973840	7,985876	7,991660	8,004754	8,011057	8,062955	8,104705	8,174671	8,233773	8,396550	8,477223	8,496563	8,741021	0,000000	0,000000	0,000000	0,000000	0,000000	0,000000	0,000000	0,000000	0,000000	0,000000	0,000000	0,000000	0,000000	0,000000	0,000000
8,333921	0,223387	8,130831	8,144417	8,152889	8,194124	8,252278	8,286051	8,517649	8,593711	8,733342	0,000000	0,000000	0,000000	0,000000	0,000000	0,000000	0,000000	0,000000	0,000000	0,000000	0,000000	0,000000	0,000000	0,000000	0,000000	0,000000	0,000000	0,000000	0,000000
8,250101	0,187516	7,984525	7,997480	8,078523	8,194296	8,216957	8,224070	8,318054	8,367946	8,374446	8,381953	8,612859	0,000000	0,000000	0,000000	0,000000	0,000000	0,000000	0,000000	0,000000	0,000000	0,000000	0,000000	0,000000	0,000000	0,000000	0,000000	0,000000	0,000000
8,390926	0,244134	7,994143	8,007826	8,015931	8,167540	8,181330	8,272207	8,292025	8,313766	8,330753	8,360754	8,400153	8,469369	8,485499	8,500807	8,521833	8,561335	8,680239	8,708578	8,738883	8,815545	0,000000	0,000000	0,000000	0,000000	0,000000	0,000000	0,000000	0,000000
8,328710	0,296981	7,975469	7,984490	8,001856	8,016086	8,023351	8,052240	8,071825	8,113760	8,163097	8,219113	8,240473	8,426423	8,440872	8,468851	8,502040	8,509892	8,592741	8,675643	8,771495	8,811153	8,842035	0,000000	0,000000	0,000000	0,000000	0,000000	0,000000	0,000000
8,397836	0,210944	7,999547	8,098547	8,133532	8,182080	8,208444	8,258689	8,293121	8,320685	8,364513	8,419216	8,443864	8,462032	8,481840	8,523557	8,552127	8,562052	8,579754	8,599381	8,628169	8,845577	0,000000	0,000000	0,000000	0,000000	0,000000	0,000000	0,000000	0,000000
8,383715	0,293723	8,090812	8,119593	8,266090	8,379466	8,597650	8,848679	0,000000	0,000000	0,000000	0,000000	0,000000	0,000000	0,000000	0,000000	0,000000	0,000000	0,000000	0,000000	0,000000	0,000000	0,000000	0,000000	0,000000	0,000000	0,000000	0,000000	0,000000	0,000000
8,429054	0,322976	8,006047	8,020514	8,145822	8,166881	8,173168	8,216872	8,296277	8,325356	8,331332	8,375686	8,658916	8,746911	8,760516	8,768990	8,822251	9,049324	0,000000	0,000000	0,000000	0,000000	0,000000	0,000000	0,000000	0,000000	0,000000	0,000000	0,000000	0,000000
8,436159	0,302892	7,984547	8,066858	8,117792	8,326483	8,388763	8,591927	8,640179	8,672327	8,749051	8,823661	0,000000	0,000000	0,000000	0,000000	0,000000	0,000000	0,000000	0,000000	0,000000	0,000000	0,000000	0,000000	0,000000	0,000000	0,000000	0,000000	0,000000	0,000000
8,285696	0,272552	7,971253	7,984242	8,010488	8,022755	8,047970	8,063766	8,069853	8,147045	8,195522	8,210570	8,236491	8,245895	8,389043	8,502637	8,542911	8,640186	8,669114	8,688523	8,789968	0,000000	0,000000	0,000000	0,000000	0,000000	0,000000	0,000000	0,000000	0,000000
8,399945	0,295637	8,026717	8,033143	8,040923	8,089181	8,100156	8,176336	8,222722	8,236584	8,364215	8,374467	8,467213	8,560978	8,651629	8,734102	8,748525	8,761782	8,792837	8,817500	0,000000	0,000000	0,000000	0,000000	0,000000	0,000000	0,000000	0,000000	0,000000	0,000000
8,385585	0,269140	8,031530	8,059330	8,078719	8,103699	8,165564	8,173100	8,185727	8,316982	8,325718	8,483799	8,539623	8,572646	8,594644	8,667012	8,672863	8,730260	8,853732	0,000000	0,000000	0,000000	0,000000	0,000000	0,000000	0,000000	0,000000	0,000000	0,000000	0,000000
8,399100	0,319553	7,983882	7,996951	8,021489	8,049625	8,073788	8,087408	8,096061	8,190784	8,223918	8,464433	8,477441	8,503584	8,545308	8,571672	8,717015	8,726743	8,771686	8,790076	8,812979	8,877162	0,000000	0,000000	0,000000	0,000000	0,000000	0,000000	0,000000	0,000000
8,334000	0,313565	7,969371	7,976981	7,987127	8,000877	8,008750	8,015142	8,050378	8,230227	8,354980	8,371720	8,395722	8,448048	8,494616	8,691316	8,731494	8,739188	8,747715	8,798348	0,000000	0,000000	0,000000	0,000000	0,000000	0,000000	0,000000	0,000000	0,000000	0,000000
8,343197	0,298071	7,980075	7,987946	8,007047	8,054285	8,060606	8,087092	8,100792	8,116571	8,130490	8,139441	8,167032	8,189649	8,343501	8,353339	8,371747	8,391990	8,452556	8,460518	8,489710	8,555717	8,763971	8,798496	8,826748	8,855965	8,894636	0,000000	0,000000	0,000000
8,381510	0,288849	8,000794	8,031557	8,051338	8,079964	8,085977	8,121562	8,204427	8,229472	8,250795	8,294002	8,446658	8,535366	8,580728	8,601464	8,684741	8,699762	8,746426	8,753853	8,849807	0,000000	0,000000	0,000000	0,000000	0,000000	0,000000	0,000000	0,000000	0,000000
8,234586	0,203275	7,995180	8,031956	8,075347	8,140351	8,176674	8,186429	8,208834	8,231761	8,252849	8,287818	8,502973	8,724863	0,000000	0,000000	0,000000	0,000000	0,000000	0,000000	0,000000	0,000000	0,000000	0,000000	0,000000	0,000000	0,000000	0,000000	0,000000	0,000000
8,480900	0,300351	7,964584	7,971439	8,005246	8,187362	8,196831	8,339182	8,402965	8,481275	8,517834	8,666167	8,697428	8,705806	8,713011	8,719819	8,728123	8,749180	8,783430	8,826520	0,000000	0,000000	0,000000	0,000000	0,000000	0,000000	0,000000	0,000000	0,000000	0,000000
8,426214	0,235933	7,984762	8,079525	8,094345	8,275623	8,308478	8,338472	8,369288	8,400582	8,483093	8,502610	8,607649	8,614340	8,640611	8,677960	8,698152	8,743937	0,000000	0,000000	0,000000	0,000000	0,000000	0,000000	0,000000	0,000000	0,000000	0,000000	0,000000	0,000000
8,506354	0,259131	8,043632	8,055453	8,094516	8,276837	8,291243	8,324006	8,341617	8,430456	8,485047	8,508595	8,536343	8,566220	8,586480	8,646933	8,664789	8,699674	8,737285	8,759668	8,843192	8,851258	8,890189	0,000000	0,000000	0,000000	0,000000	0,000000	0,000000	0,000000
8,453521	0,277781	8,000922	8,045916	8,111600	8,127710	8,134137	8,144365	8,183153	8,309592	8,411092	8,475608	8,486423	8,490839	8,529187	8,558647	8,642877	8,710429	8,718713	8,726261	8,733220	8,782542	8,802325	8,851894	0,000000	0,000000	0,000000	0,000000	0,000000	0,000000
8,334762	0,208721	8,001531	8,057362	8,145646	8,219446	8,334186	8,362272	8,368777	8,380143	8,408575	8,442791	8,537382	8,759032	0,000000	0,000000	0,000000	0,000000	0,000000	0,000000	0,000000	0,000000	0,000000	0,000000	0,000000	0,000000	0,000000	0,000000	0,000000	0,000000
8,410721	0,306719	7,985237	7,997134	8,020351	8,025939	8,039577	8,113631	8,234353	8,439387	8,449660	8,462946	8,472536	8,509883	8,545327	8,562197	8,738068	8,762690	8,773584	8,826055	8,845149	0,000000	0,000000	0,000000	0,000000	0,000000	0,000000	0,000000	0,000000	0,000000
8,467549	0,262538	7,972759	7,999867	8,047169	8,093908	8,209789	8,419464	8,433673	8,470525	8,480576	8,487223	8,493814	8,502315	8,512903	8,604744	8,639724	8,666926	8,684195	8,706838	8,738618	8,814482	8,839010	0,000000	0,000000	0,000000	0,000000	0,000000	0,000000	0,000000
8,311160	0,264738	7,980769	7,988563	7,998442	8,006808	8,020479	8,117516	8,166231	8,295241	8,302627	8,309218	8,339821	8,356422	8,407945	8,432288	8,456474	8,491633	8,602969	8,691995	8,946607	0,000000	0,000000	0,000000	0,000000	0,000000	0,000000	0,000000	0,000000	0,000000
8,355987	0,321680	7,974894	7,988695	7,996052	8,023810	8,051737	8,063675	8,236713	8,260544	8,319318	8,332091	8,339897	8,429292	8,442099	8,548757	8,781728	8,839129	8,864122	8,915215	0,000000	0,000000	0,000000	0,000000	0,000000	0,000000	0,000000	0,000000	0,000000	0,000000
8,374127	0,315202	7,972129	7,982615	8,112692	8,231117	8,245114	8,253551	8,271600	8,371881	8,629397	8,726484	8,769176	8,923770	0,000000	0,000000	0,000000	0,000000	0,000000	0,000000	0,000000	0,000000	0,000000	0,000000	0,000000	0,000000	0,000000	0,000000	0,000000	0,000000
8,263621	0,256894	7,977145	7,992714	8,016337	8,031771	8,038757	8,054153	8,092564	8,113969	8,126726	8,203441	8,268260	8,283174	8,316567	8,366712	8,406247	8,584033	8,647830	8,707357	8,781040	0,000000	0,000000	0,000000	0,000000	0,000000	0,000000	0,000000	0,000000	0,000000
8,337622	0,239806	7,999064	8,005549	8,013059	8,021561	8,232001	8,405210	8,418643	8,431099	8,438439	8,450464	8,481151	8,496440	8,648084	8,685939	0,000000	0,000000	0,000000	0,000000	0,000000	0,000000	0,000000	0,000000	0,000000	0,000000	0,000000	0,000000	0,000000	0,000000
8,261485	0,284684	7,973682	7,992020	7,999492	8,010302	8,022926	8,047764	8,238424	8,307660	8,337666	8,459659	8,524171	8,705562	8,779972	0,000000	0,000000	0,000000	0,000000	0,000000	0,000000	0,000000	0,000000	0,000000	0,000000	0,000000	0,000000	0,000000	0,000000	0,000000
8,342265	0,244178	7,997273	8,011066	8,019017	8,031334	8,128713	8,151879	8,165344	8,172220	8,322048	8,328122	8,353973	8,367752	8,452454	8,581262	8,589599	8,611341	8,619151	8,633458	8,650979	8,658322	0,000000	0,000000	0,000000	0,000000	0,000000	0,000000	0,000000	0,000000
8,374846	0,244159	8,006744	8,088697	8,106470	8,144165	8,180222	8,300780	8,381465	8,398016	8,445092	8,532062	8,579167	8,620051	8,708845	8,756068	0,000000	0,000000	0,000000	0,000000	0,000000	0,000000	0,000000	0,000000	0,000000	0,000000	0,000000	0,000000	0,000000	0,000000
8,232579	0,278065	7,981347	7,989226	7,996520	8,001716	8,006835	8,031729	8,045919	8,055335	8,103912	8,118677	8,147796	8,209357	8,369643	8,425531	8,514115	8,661823	8,713266	8,813683	0,000000	0,000000	0,000000	0,000000	0,000000	0,000000	0,000000	0,000000	0,000000	0,000000
8,362947	0,300834	7,975790	8,013572	8,055529	8,066621	8,193720	8,388617	8,412413	8,491841	8,540770	8,582900	8,795310	8,838285	0,000000	0,000000	0,000000	0,000000	0,000000	0,000000	0,000000	0,000000	0,000000	0,000000	0,000000	0,000000	0,000000	0,000000	0,000000	0,000000
8,324140	0,237272	7,996584	8,064486	8,071366	8,077484	8,119800	8,217344	8,282381	8,307746	8,338049	8,387626	8,518327	8,527095	8,555593	8,610622	8,787592	0,000000	0,000000	0,000000	0,000000	0,000000	0,000000	0,000000	0,000000	0,000000	0,000000	0,000000	0,000000	0,000000
8,373508	0,346396	7,971230	7,983736	8,008173	8,056680	8,102256	8,526778	8,564390	8,585747	8,744589	8,755160	8,809847	0,000000	0,000000	0,000000	0,000000	0,000000	0,000000	0,000000	0,000000	0,000000	0,000000	0,000000	0,000000	0,000000	0,000000	0,000000	0,000000	0,000000
8,503266	0,296041	7,989515	8,096594	8,166921	8,208092	8,214729	8,365645	8,562982	8,644153	8,672723	8,693844	8,740968	8,757770	8,804586	8,811756	8,818715	0,000000	0,000000	0,000000	0,000000	0,000000	0,000000	0,000000	0,000000	0,000000	0,000000	0,000000	0,000000	0,000000
8,338824	0,252572	7,983742	7,995719	8,105439	8,257543	8,332279	8,392756	8,481237	8,547259	8,563377	8,728891	0,000000	0,000000	0,000000	0,000000	0,000000	0,000000	0,000000	0,000000	0,000000	0,000000	0,000000	0,000000	0,000000	0,000000	0,000000	0,000000	0,000000	0,000000
8,248407	0,240170	7,986587	7,994123	8,000267	8,010551	8,031571	8,090925	8,104551	8,181069	8,197452	8,215671	8,244185	8,276555	8,288316	8,298178	8,535983	8,628218	8,680409	8,706720	0,000000	0,000000	0,000000	0,000000	0,000000	0,000000	0,000000	0,000000	0,000000	0,000000
8,436090	0,264138	7,987247	8,043843	8,121515	8,189160	8,262137	8,297958	8,304128	8,337821	8,401727	8,430455	8,476381	8,560273	8,657042	8,671459	8,716125	8,766368	8,800180	8,825799	0,000000	0,000000	0,000000	0,000000	0,000000	0,000000	0,000000	0,000000	0,000000	0,000000
8,423442	0,298958	7,977436	7,997932	8,023308	8,082817	8,110421	8,139088	8,154791	8,216382	8,267580	8,282194	8,297406	8,304626	8,353561	8,374375	8,438831	8,535746	8,623911	8,639220	8,645667	8,672684	8,701509	8,738962	8,742672	8,804044	8,819775	9,064563	0,000000	0,000000
8,359087	0,293234	7,987781	8,001315	8,015017	8,023489	8,040248	8,150410	8,264569	8,285841	8,358862	8,434815	8,458355	8,482484	8,632899	8,654132	8,688919	8,756574	8,868764	0,000000	0,000000	0,000000	0,000000	0,000000	0,000000	0,000000	0,000000	0,000000	0,000000	0,000000
8,344591	0,315230	7,984456	7,993939	8,000941	8,007560	8,015299	8,067590	8,085976	8,162595	8,193583	8,245783	8,286420	8,296381	8,309255	8,361443	8,587070	8,677884	8,754262	8,767411	8,784851	8,790777	8,862941	0,000000	0,000000	0,000000	0,000000	0,000000	0,000000	0,000000
8,363724	0,318355	7,976521	7,998317	8,008377	8,018840	8,031354	8,043954	8,189576	8,223360	8,254979	8,354995	8,455849	8,519213	8,664465	8,715844	8,738028	8,762251	8,777431	8,813675	0,000000	0,000000	0,000000	0,000000	0,000000	0,000000	0,000000	0,000000	0,000000	0,000000
8,393769	0,209930	8,014126	8,076858	8,083011	8,090317	8,144017	8,185971	8,246783	8,405639	8,411462	8,418033	8,427345	8,440686	8,506631	8,515997	8,529042	8,535581	8,546929	8,567477	8,576966	8,585213	8,607088	8,747750	0,000000	0,000000	0,000000	0,000000	0,000000	0,000000
8,409400	0,338669	7,966248	8,091384	8,098946	8,105649	8,113128	8,185139	8,548960	8,743246	8,749421	8,757254	8,772123	8,781304	0,000000	0,000000	0,000000	0,000000	0,000000	0,000000	0,000000	0,000000	0,000000	0,000000	0,000000	0,000000	0,000000	0,000000	0,000000	0,000000
8,209799	0,252189	7,959066	7,966547	7,973154	7,981085	7,991058	8,005027	8,017940	8,089443	8,179106	8,393979	8,466294	8,488316	8,508542	8,541599	8,585833	0,000000	0,000000	0,000000	0,000000	0,000000	0,000000	0,000000	0,000000	0,000000	0,000000	0,000000	0,000000	0,000000
8,329140	0,247096	8,025714	8,069411	8,083070	8,097450	8,164444	8,174225	8,187309	8,217533	8,276646	8,496779	8,534985	8,609945	8,623633	8,665613	8,710343	0,000000	0,000000	0,000000	0,000000	0,000000	0,000000	0,000000	0,000000	0,000000	0,000000	0,000000	0,000000	0,000000
8,333866	0,324740	7,988039	7,998178	8,011365	8,084291	8,091916	8,097893	8,112443	8,158151	8,173551	8,281238	8,600936	8,639767	8,685163	8,768899	8,806960	8,843062	0,000000	0,000000	0,000000	0,000000	0,000000	0,000000	0,000000	0,000000	0,000000	0,000000	0,000000	0,000000
8,295732	0,239463	7,987751	8,029834	8,127483	8,165533	8,226882	8,254273	8,287827	8,298136	8,498369	8,631392	8,745572	0,000000	0,000000	0,000000	0,000000	0,000000	0,000000	0,000000	0,000000	0,000000	0,000000	0,000000	0,000000	0,000000	0,000000	0,000000	0,000000	0,000000
8,383007	0,160665	8,189462	8,229747	8,236765	8,243493	8,251566	8,292585	8,306382	8,322279	8,350928	8,428552	8,488005	8,543899	8,554127	8,587440	8,719880	0,000000	0,000000	0,000000	0,000000	0,000000	0,000000	0,000000	0,000000	0,000000	0,000000	0,000000	0,000000	0,000000
8,321071	0,298368	7,971149	7,989101	8,113549	8,168321	8,192276	8,233709	8,250682	8,264364	8,312734	8,773633	8,788439	8,794891	0,000000	0,000000	0,000000	0,000000	0,000000	0,000000	0,000000	0,000000	0,000000	0,000000	0,000000	0,000000	0,000000	0,000000	0,000000	0,000000
8,431013	0,234199	8,037788	8,098839	8,120409	8,344048	8,453554	8,468766	8,490824	8,523260	8,582484	8,638080	8,674668	8,739440	0,000000	0,000000	0,000000	0,000000	0,000000	0,000000	0,000000	0,000000	0,000000	0,000000	0,000000	0,000000	0,000000	0,000000	0,000000	0,000000
8,426472	0,287809	7,983355	8,025560	8,138952	8,166628	8,189386	8,225924	8,241190	8,431149	8,468295	8,521640	8,692530	8,703751	8,712580	8,750455	8,769743	8,802410	0,000000	0,000000	0,000000	0,000000	0,000000	0,000000	0,000000	0,000000	0,000000	0,000000	0,000000	0,000000
8,538420	0,244808	7,984023	8,188952	8,198192	8,211968	8,425928	8,521175	8,530672	8,544751	8,584831	8,597481	8,627105	8,677831	8,716012	8,725618	8,760875	8,770475	8,797062	8,828613	0,000000	0,000000	0,000000	0,000000	0,000000	0,000000	0,000000	0,000000	0,000000	0,000000
8,309192	0,189707	8,018296	8,032126	8,168661	8,196261	8,237328	8,268923	8,289364	8,441410	8,461470	8,475127	8,552859	8,568480	0,000000	0,000000	0,000000	0,000000	0,000000	0,000000	0,000000	0,000000	0,000000	0,000000	0,000000	0,000000	0,000000	0,000000	0,000000	0,000000
8,500380	0,286297	7,983610	8,014351	8,197508	8,211081	8,290665	8,323143	8,531278	8,649789	8,664431	8,670859	8,679546	8,685252	8,692488	8,700394	8,844713	8,866971	0,000000	0,000000	0,000000	0,000000	0,000000	0,000000	0,000000	0,000000	0,000000	0,000000	0,000000	0,000000
8,274976	0,257480	7,990893	8,036359	8,077371	8,102041	8,116010	8,124349	8,174053	8,267396	8,452079	8,608489	8,649980	8,700694	0,000000	0,000000	0,000000	0,000000	0,000000	0,000000	0,000000	0,000000	0,000000	0,000000	0,000000	0,000000	0,000000	0,000000	0,000000	0,000000
8,370338	0,200206	8,110646	8,125040	8,171980	8,191930	8,203076	8,289080	8,320567	8,379420	8,471422	8,483651	8,516323	8,538814	8,635538	8,747251	0,000000	0,000000	0,000000	0,000000	0,000000	0,000000	0,000000	0,000000	0,000000	0,000000	0,000000	0,000000	0,000000	0,000000
8,330412	0,338459	7,975679	7,992101	7,998727	8,007357	8,013738	8,088171	8,193005	8,534062	8,593594	8,682631	8,697110	8,712193	8,806987	0,000000	0,000000	0,000000	0,000000	0,000000	0,000000	0,000000	0,000000	0,000000	0,000000	0,000000	0,000000	0,000000	0,000000	0,000000
8,264534	0,273265	7,992633	7,999649	8,006234	8,019830	8,134147	8,142875	8,156747	8,186380	8,247127	8,300178	8,449876	8,492620	8,699776	8,875398	0,000000	0,000000	0,000000	0,000000	0,000000	0,000000	0,000000	0,000000	0,000000	0,000000	0,000000	0,000000	0,000000	0,000000
8,385949	0,251652	8,105734	8,119939	8,127873	8,175465	8,217683	8,284025	8,435550	8,459714	8,526297	8,605310	8,771214	8,802579	0,000000	0,000000	0,000000	0,000000	0,000000	0,000000	0,000000	0,000000	0,000000	0,000000	0,000000	0,000000	0,000000	0,000000	0,000000	0,000000
8,369068	0,287864	7,979609	7,992284	8,002129	8,026916	8,046585	8,153189	8,184925	8,231274	8,308845	8,349517	8,404735	8,429444	8,454858	8,489269	8,555888	8,675875	8,713044	8,757723	8,774063	8,851189	0,000000	0,000000	0,000000	0,000000	0,000000	0,000000	0,000000	0,000000
8,399085	0,235400	8,076859	8,176269	8,196653	8,225789	8,248588	8,262741	8,307958	8,323455	8,330269	8,354475	8,395320	8,475709	8,590676	8,775673	8,792396	8,852534	0,000000	0,000000	0,000000	0,000000	0,000000	0,000000	0,000000	0,000000	0,000000	0,000000	0,000000	0,000000
8,248345	0,253594	8,011959	8,025691	8,033937	8,043113	8,063459	8,235212	8,303940	8,576284	8,591983	8,597868	0,000000	0,000000	0,000000	0,000000	0,000000	0,000000	0,000000	0,000000	0,000000	0,000000	0,000000	0,000000	0,000000	0,000000	0,000000	0,000000	0,000000	0,000000
8,303002	0,241251	7,996954	8,054125	8,068268	8,101168	8,124173	8,152328	8,160082	8,200183	8,215365	8,232089	8,303654	8,445748	8,476560	8,528431	8,640946	8,658770	8,792193	0,000000	0,000000	0,000000	0,000000	0,000000	0,000000	0,000000	0,000000	0,000000	0,000000	0,000000
8,363584	0,351065	7,994794	8,002899	8,016751	8,088985	8,102506	8,560051	8,574077	8,674699	8,807135	8,813940	0,000000	0,000000	0,000000	0,000000	0,000000	0,000000	0,000000	0,000000	0,000000	0,000000	0,000000	0,000000	0,000000	0,000000	0,000000	0,000000	0,000000	0,000000
8,422512	0,258049	8,013249	8,027788	8,059278	8,134138	8,185910	8,329548	8,340934	8,403041	8,410875	8,441525	8,499848	8,512030	8,643245	8,656953	8,667369	8,724567	8,759918	8,794999	0,000000	0,000000	0,000000	0,000000	0,000000	0,000000	0,000000	0,000000	0,000000	0,000000
8,475809	0,255599	8,008078	8,209434	8,267165	8,299385	8,426050	8,451753	8,465492	8,502859	8,727939	8,748624	8,790149	8,812784	0,000000	0,000000	0,000000	0,000000	0,000000	0,000000	0,000000	0,000000	0,000000	0,000000	0,000000	0,000000	0,000000	0,000000	0,000000	0,000000
8,346595	0,254693	7,971866	7,998361	8,026849	8,046271	8,188329	8,207099	8,270717	8,305576	8,319863	8,327066	8,413883	8,439515	8,461650	8,523028	8,530850	8,560110	8,784995	8,862679	0,000000	0,000000	0,000000	0,000000	0,000000	0,000000	0,000000	0,000000	0,000000	0,000000
8,173314	0,161754	7,989544	8,002944	8,009353	8,016732	8,025969	8,044738	8,195411	8,214520	8,228365	8,238115	8,284643	8,327424	8,334519	8,514120	0,000000	0,000000	0,000000	0,000000	0,000000	0,000000	0,000000	0,000000	0,000000	0,000000	0,000000	0,000000	0,000000	0,000000
8,412664	0,265658	7,995181	8,169384	8,176309	8,186489	8,234581	8,279954	8,291955	8,333728	8,351032	8,392336	8,468527	8,509853	8,685562	8,815268	8,832380	8,880089	0,000000	0,000000	0,000000	0,000000	0,000000	0,000000	0,000000	0,000000	0,000000	0,000000	0,000000	0,000000
8,379174	0,239167	7,984589	8,005888	8,092378	8,136315	8,291331	8,332038	8,359509	8,422856	8,470940	8,488331	8,511569	8,576920	8,590598	8,645598	8,778744	0,000000	0,000000	0,000000	0,000000	0,000000	0,000000	0,000000	0,000000	0,000000	0,000000	0,000000	0,000000	0,000000
8,242984	0,230638	7,999258	8,012932	8,021112	8,063761	8,123100	8,181696	8,195834	8,204317	8,348265	8,573439	8,593187	8,598914	0,000000	0,000000	0,000000	0,000000	0,000000	0,000000	0,000000	0,000000	0,000000	0,000000	0,000000	0,000000	0,000000	0,000000	0,000000	0,000000
8,385513	0,258808	7,984565	8,013984	8,086087	8,092829	8,159580	8,209591	8,334281	8,356564	8,409272	8,454113	8,515152	8,529136	8,575521	8,608280	8,702771	8,737878	8,784120	0,000000	0,000000	0,000000	0,000000	0,000000	0,000000	0,000000	0,000000	0,000000	0,000000	0,000000
8,409142	0,312898	7,979338	7,987837	7,993172	8,018983	8,038198	8,045672	8,249072	8,279136	8,287227	8,301781	8,315518	8,437941	8,505030	8,556763	8,563580	8,711493	8,732398	8,752951	8,774792	8,788155	8,819543	8,862548	0,000000	0,000000	0,000000	0,000000	0,000000	0,000000
8,279347	0,282692	7,984805	7,992184	8,011824	8,020953	8,033833	8,043867	8,187431	8,196429	8,212250	8,237692	8,266809	8,346543	8,412179	8,488520	8,604509	8,842044	8,867026	0,000000	0,000000	0,000000	0,000000	0,000000	0,000000	0,000000	0,000000	0,000000	0,000000	0,000000
8,320309	0,245221	7,993950	8,006927	8,033222	8,049049	8,075535	8,222937	8,231598	8,239655	8,266767	8,281884	8,298373	8,400954	8,417657	8,435041	8,446029	8,483653	8,556277	8,819819	8,826535	0,000000	0,000000	0,000000	0,000000	0,000000	0,000000	0,000000	0,000000	0,000000
8,321132	0,203365	7,982083	8,032290	8,056253	8,179493	8,225837	8,366015	8,416440	8,430956	8,444814	8,465272	8,472170	8,479538	8,623558	0,000000	0,000000	0,000000	0,000000	0,000000	0,000000	0,000000	0,000000	0,000000	0,000000	0,000000	0,000000	0,000000	0,000000	0,000000
8,394996	0,264627	8,062969	8,070477	8,079267	8,102681	8,111273	8,147074	8,274978	8,343664	8,350512	8,376848	8,419342	8,579580	8,605347	8,620395	8,636591	8,736329	8,766419	8,826185	0,000000	0,000000	0,000000	0,000000	0,000000	0,000000	0,000000	0,000000	0,000000	0,000000
8,183964	0,269127	7,986317	8,000442	8,005956	8,021110	8,130735	8,559821	8,583365	0,000000	0,000000	0,000000	0,000000	0,000000	0,000000	0,000000	0,000000	0,000000	0,000000	0,000000	0,000000	0,000000	0,000000	0,000000	0,000000	0,000000	0,000000	0,000000	0,000000	0,000000
8,284431	0,244323	7,989178	7,998218	8,011527	8,022928	8,045953	8,050883	8,104597	8,286358	8,298842	8,320892	8,339860	8,352738	8,387552	8,434695	8,473254	8,505531	8,720449	8,776309	0,000000	0,000000	0,000000	0,000000	0,000000	0,000000	0,000000	0,000000	0,000000	0,000000
8,239236	0,263436	7,971164	7,978356	7,989848	7,999036	8,114927	8,139573	8,243554	8,452718	8,515558	8,555128	8,671732	0,000000	0,000000	0,000000	0,000000	0,000000	0,000000	0,000000	0,000000	0,000000	0,000000	0,000000	0,000000	0,000000	0,000000	0,000000	0,000000	0,000000
8,316073	0,264434	8,005522	8,019141	8,027463	8,064244	8,140069	8,307197	8,313657	8,320415	8,328224	8,476623	8,659317	8,702197	8,744875	0,000000	0,000000	0,000000	0,000000	0,000000	0,000000	0,000000	0,000000	0,000000	0,000000	0,000000	0,000000	0,000000	0,000000	0,000000
8,368789	0,318671	7,972855	8,001850	8,008211	8,014926	8,187042	8,215329	8,417829	8,445893	8,564412	8,692611	8,703275	8,732361	8,837666	0,000000	0,000000	0,000000	0,000000	0,000000	0,000000	0,000000	0,000000	0,000000	0,000000	0,000000	0,000000	0,000000	0,000000	0,000000
8,432275	0,252443	8,113826	8,127325	8,152956	8,233472	8,240327	8,280144	8,389258	8,413366	8,546022	8,574853	8,607556	8,749550	8,780817	8,842375	0,000000	0,000000	0,000000	0,000000	0,000000	0,000000	0,000000	0,000000	0,000000	0,000000	0,000000	0,000000	0,000000	0,000000
8,259073	0,289592	7,983938	8,013335	8,021929	8,038934	8,052288	8,077938	8,092292	8,248489	8,381023	8,419371	8,433784	8,782753	8,821875	0,000000	0,000000	0,000000	0,000000	0,000000	0,000000	0,000000	0,000000	0,000000	0,000000	0,000000	0,000000	0,000000	0,000000	0,000000
8,365307	0,263056	7,978379	8,040731	8,046961	8,054740	8,276260	8,365981	8,408576	8,506683	8,516886	8,530059	8,618573	8,647955	8,757203	0,000000	0,000000	0,000000	0,000000	0,000000	0,000000	0,000000	0,000000	0,000000	0,000000	0,000000	0,000000	0,000000	0,000000	0,000000
8,363229	0,286852	7,994552	8,070312	8,138082	8,165443	8,213351	8,228429	8,242991	8,491352	8,505358	8,728911	8,745731	8,834239	0,000000	0,000000	0,000000	0,000000	0,000000	0,000000	0,000000	0,000000	0,000000	0,000000	0,000000	0,000000	0,000000	0,000000	0,000000	0,000000
8,409683	0,309566	8,002830	8,016792	8,022217	8,029863	8,043587	8,062960	8,112866	8,258856	8,268719	8,288894	8,506059	8,558164	8,600219	8,636581	8,694914	8,711750	8,717736	8,733930	8,741976	8,786255	8,808177	0,000000	0,000000	0,000000	0,000000	0,000000	0,000000	0,000000
8,284360	0,303733	7,975395	7,984232	7,995057	8,031592	8,123173	8,137001	8,364814	8,436638	8,616049	8,706902	8,757112	0,000000	0,000000	0,000000	0,000000	0,000000	0,000000	0,000000	0,000000	0,000000	0,000000	0,000000	0,000000	0,000000	0,000000	0,000000	0,000000	0,000000
8,340830	0,274580	7,991645	8,008620	8,015245	8,116116	8,146168	8,325052	8,364423	8,375935	8,419894	8,509081	8,660471	8,694492	8,803647	0,000000	0,000000	0,000000	0,000000	0,000000	0,000000	0,000000	0,000000	0,000000	0,000000	0,000000	0,000000	0,000000	0,000000	0,000000
8,338567	0,242409	7,994166	8,014068	8,023830	8,051852	8,087687	8,257127	8,268933	8,296238	8,366775	8,390092	8,431645	8,446519	8,510484	8,592132	8,644516	8,669028	8,710556	0,000000	0,000000	0,000000	0,000000	0,000000	0,000000	0,000000	0,000000	0,000000	0,000000	0,000000
8,358414	0,272261	7,985787	8,028838	8,142045	8,169485	8,210788	8,217508	8,244983	8,299812	8,328814	8,355042	8,393846	8,596512	8,753879	8,813013	8,835853	0,000000	0,000000	0,000000	0,000000	0,000000	0,000000	0,000000	0,000000	0,000000	0,000000	0,000000	0,000000	0,000000
8,348219	0,227876	8,019994	8,081012	8,107046	8,131443	8,144582	8,212760	8,246482	8,277528	8,319262	8,325927	8,407191	8,415455	8,424732	8,444768	8,477010	8,664435	8,751477	8,816842	0,000000	0,000000	0,000000	0,000000	0,000000	0,000000	0,000000	0,000000	0,000000	0,000000
8,410440	0,322483	7,986270	8,001185	8,016199	8,056453	8,194763	8,208637	8,217152	8,229120	8,298300	8,466195	8,675311	8,686118	8,756166	8,772186	8,793110	8,803497	8,816822	0,000000	0,000000	0,000000	0,000000	0,000000	0,000000	0,000000	0,000000	0,000000	0,000000	0,000000
8,314795	0,325984	7,990029	8,003116	8,138709	8,172547	8,216539	8,394661	8,786479	8,816277	0,000000	0,000000	0,000000	0,000000	0,000000	0,000000	0,000000	0,000000	0,000000	0,000000	0,000000	0,000000	0,000000	0,000000	0,000000	0,000000	0,000000	0,000000	0,000000	0,000000
8,354048	0,306910	7,998241	8,011925	8,023238	8,031369	8,038018	8,047644	8,087965	8,123923	8,357315	8,399435	8,406913	8,629496	8,649422	8,664596	8,670968	8,690397	8,750092	8,791915	0,000000	0,000000	0,000000	0,000000	0,000000	0,000000	0,000000	0,000000	0,000000	0,000000
8,366558	0,215703	7,993729	8,027047	8,171559	8,182343	8,188177	8,195634	8,218257	8,233733	8,248624	8,255325	8,260571	8,267568	8,274820	8,282052	8,302843	8,330567	8,382640	8,397028	8,408028	8,452069	8,530825	8,539773	8,569994	8,576222	8,630974	8,657360	8,832098	8,853761
8,192487	0,200912	7,980570	7,987476	8,042130	8,107886	8,234146	8,238836	8,435743	8,513108	0,000000	0,000000	0,000000	0,000000	0,000000	0,000000	0,000000	0,000000	0,000000	0,000000	0,000000	0,000000	0,000000	0,000000	0,000000	0,000000	0,000000	0,000000	0,000000	0,000000
8,263759	0,193220	7,982513	7,996702	8,006595	8,047316	8,123045	8,161238	8,221284	8,266524	8,294551	8,317272	8,403923	8,438272	8,444768	8,466510	8,510765	8,538872	0,000000	0,000000	0,000000	0,000000	0,000000	0,000000	0,000000	0,000000	0,000000	0,000000	0,000000	0,000000
8,343763	0,338714	8,000902	8,075626	8,089358	8,097725	8,109634	8,208087	8,228026	8,444527	8,472453	8,579014	8,647621	9,172184	0,000000	0,000000	0,000000	0,000000	0,000000	0,000000	0,000000	0,000000	0,000000	0,000000	0,000000	0,000000	0,000000	0,000000	0,000000	0,000000
8,282954	0,279487	7,986992	7,993560	8,001179	8,049360	8,103536	8,117521	8,131656	8,270040	8,458618	8,602725	8,615749	8,665097	8,682374	0,000000	0,000000	0,000000	0,000000	0,000000	0,000000	0,000000	0,000000	0,000000	0,000000	0,000000	0,000000	0,000000	0,000000	0,000000
8,282096	0,242665	8,002749	8,016935	8,025362	8,039528	8,085338	8,424643	8,443519	8,457211	8,493665	8,512062	8,602040	0,000000	0,000000	0,000000	0,000000	0,000000	0,000000	0,000000	0,000000	0,000000	0,000000	0,000000	0,000000	0,000000	0,000000	0,000000	0,000000	0,000000
8,319049	0,310615	7,968974	7,979247	7,996526	8,127768	8,176124	8,241820	8,389786	8,443372	8,587033	8,744850	8,854038	0,000000	0,000000	0,000000	0,000000	0,000000	0,000000	0,000000	0,000000	0,000000	0,000000	0,000000	0,000000	0,000000	0,000000	0,000000	0,000000	0,000000
8,228622	0,261784	7,985194	7,999718	8,024428	8,062323	8,096579	8,115119	8,136136	8,172954	8,186962	8,254032	8,427047	8,725683	8,785914	0,000000	0,000000	0,000000	0,000000	0,000000	0,000000	0,000000	0,000000	0,000000	0,000000	0,000000	0,000000	0,000000	0,000000	0,000000
8,415174	0,269643	7,972782	8,088487	8,102779	8,154273	8,178717	8,193124	8,226080	8,429213	8,480633	8,520410	8,568414	8,576362	8,590345	8,627197	8,731533	8,766328	8,851287	0,000000	0,000000	0,000000	0,000000	0,000000	0,000000	0,000000	0,000000	0,000000	0,000000	0,000000
8,670865	0,345963	7,980717	7,993379	8,618945	8,805525	8,812628	8,829794	8,843796	8,852309	8,865438	8,885029	8,891952	0,000000	0,000000	0,000000	0,000000	0,000000	0,000000	0,000000	0,000000	0,000000	0,000000	0,000000	0,000000	0,000000	0,000000	0,000000	0,000000	0,000000
8,422205	0,288010	7,971057	7,977623	7,990715	8,004576	8,060441	8,238259	8,307454	8,390958	8,402048	8,455138	8,482635	8,500410	8,508852	8,522843	8,589491	8,632491	8,673116	8,711834	8,761031	8,810649	8,874677	0,000000	0,000000	0,000000	0,000000	0,000000	0,000000	0,000000
8,398518	0,215300	8,094627	8,127766	8,141576	8,150677	8,187637	8,194816	8,239212	8,266321	8,301038	8,307973	8,351126	8,376828	8,403441	8,414513	8,460851	8,495708	8,526965	8,541867	8,653384	8,667521	8,675835	8,769191	8,817047	0,000000	0,000000	0,000000	0,000000	0,000000
8,567635	0,147224	8,196728	8,472976	8,487251	8,512585	8,539759	8,554122	8,592125	8,648077	8,677026	8,689168	8,702839	8,738961	0,000000	0,000000	0,000000	0,000000	0,000000	0,000000	0,000000	0,000000	0,000000	0,000000	0,000000	0,000000	0,000000	0,000000	0,000000	0,000000
8,371504	0,285147	7,984194	7,996249	8,024717	8,137186	8,158879	8,194075	8,236112	8,314540	8,363059	8,458452	8,478285	8,602258	8,670050	8,737070	8,758941	8,829999	0,000000	0,000000	0,000000	0,000000	0,000000	0,000000	0,000000	0,000000	0,000000	0,000000	0,000000	0,000000
8,377087	0,224711	8,013162	8,090886	8,132883	8,147025	8,382471	8,389623	8,396776	8,459743	8,474217	8,485319	8,517646	8,622258	8,790127	0,000000	0,000000	0,000000	0,000000	0,000000	0,000000	0,000000	0,000000	0,000000	0,000000	0,000000	0,000000	0,000000	0,000000	0,000000
8,419775	0,307042	7,966641	7,983523	7,997430	8,004554	8,011610	8,279993	8,304350	8,459277	8,513965	8,549857	8,564558	8,614920	8,620562	8,647255	8,700332	8,726329	8,741294	8,869509	0,000000	0,000000	0,000000	0,000000	0,000000	0,000000	0,000000	0,000000	0,000000	0,000000
8,239267	0,274095	7,995635	8,009547	8,017887	8,078016	8,085958	8,098511	8,116212	8,176638	8,349847	8,533977	8,554588	8,854393	0,000000	0,000000	0,000000	0,000000	0,000000	0,000000	0,000000	0,000000	0,000000	0,000000	0,000000	0,000000	0,000000	0,000000	0,000000	0,000000
8,367809	0,312372	8,003086	8,015491	8,028811	8,037209	8,051487	8,074564	8,082110	8,090210	8,102780	8,150041	8,205633	8,287111	8,333313	8,349525	8,358940	8,467958	8,486501	8,556819	8,617573	8,686370	8,735854	8,846292	8,855165	8,869149	8,903240	0,000000	0,000000	0,000000
8,344623	0,214171	7,996295	8,008184	8,015197	8,256221	8,273888	8,348539	8,357381	8,364122	8,471353	8,486243	8,493248	8,509920	8,607984	8,636153	0,000000	0,000000	0,000000	0,000000	0,000000	0,000000	0,000000	0,000000	0,000000	0,000000	0,000000	0,000000	0,000000	0,000000
8,242098	0,241639	7,963476	8,010171	8,054437	8,073684	8,112182	8,142647	8,149414	8,227761	8,254129	8,333071	8,500028	8,520630	8,805640	0,000000	0,000000	0,000000	0,000000	0,000000	0,000000	0,000000	0,000000	0,000000	0,000000	0,000000	0,000000	0,000000	0,000000	0,000000
8,473233	0,348821	7,983082	7,996240	8,067821	8,172909	8,246321	8,499838	8,512027	8,533626	8,560509	8,582523	8,739979	8,754325	8,761818	9,214249	0,000000	0,000000	0,000000	0,000000	0,000000	0,000000	0,000000	0,000000	0,000000	0,000000	0,000000	0,000000	0,000000	0,000000
8,389260	0,259310	7,998565	8,034285	8,229893	8,283531	8,322161	8,380920	8,409474	8,444661	8,664184	8,718642	8,795543	0,000000	0,000000	0,000000	0,000000	0,000000	0,000000	0,000000	0,000000	0,000000	0,000000	0,000000	0,000000	0,000000	0,000000	0,000000	0,000000	0,000000
8,378847	0,267700	8,009837	8,057643	8,070086	8,160933	8,167516	8,193656	8,294324	8,348364	8,390599	8,412009	8,442040	8,531690	8,632282	8,663497	8,839630	8,847449	0,000000	0,000000	0,000000	0,000000	0,000000	0,000000	0,000000	0,000000	0,000000	0,000000	0,000000	0,000000
8,262517	0,264014	7,986498	7,999776	8,036338	8,044332	8,057298	8,107328	8,115554	8,121351	8,139895	8,165510	8,173232	8,187782	8,230636	8,279280	8,371209	8,396513	8,433378	8,761288	8,805096	8,838042	0,000000	0,000000	0,000000	0,000000	0,000000	0,000000	0,000000	0,000000
8,444982	0,274783	7,991192	8,004234	8,024932	8,247280	8,275866	8,442027	8,497594	8,510714	8,525820	8,610226	8,624485	8,634724	8,736595	8,748252	8,800785	0,000000	0,000000	0,000000	0,000000	0,000000	0,000000	0,000000	0,000000	0,000000	0,000000	0,000000	0,000000	0,000000
8,516558	0,243057	8,148811	8,387849	8,406709	8,657267	8,708595	8,790116	0,000000	0,000000	0,000000	0,000000	0,000000	0,000000	0,000000	0,000000	0,000000	0,000000	0,000000	0,000000	0,000000	0,000000	0,000000	0,000000	0,000000	0,000000	0,000000	0,000000	0,000000	0,000000
8,349442	0,229529	7,988119	8,065016	8,096249	8,103209	8,127092	8,182490	8,275078	8,377475	8,433629	8,491430	8,500022	8,513614	8,540769	8,570045	8,588851	8,737991	0,000000	0,000000	0,000000	0,000000	0,000000	0,000000	0,000000	0,000000	0,000000	0,000000	0,000000	0,000000
8,361485	0,259511	8,034546	8,048681	8,056764	8,090581	8,097359	8,106817	8,142260	8,158591	8,171578	8,237992	8,259826	8,289085	8,300430	8,334113	8,465512	8,512965	8,528090	8,549890	8,586340	8,640561	8,730246	8,751851	8,777641	8,803910	0,000000	0,000000	0,000000	0,000000
8,355724	0,234048	8,103331	8,118481	8,150267	8,352464	8,391828	8,408728	8,534777	8,785916	0,000000	0,000000	0,000000	0,000000	0,000000	0,000000	0,000000	0,000000	0,000000	0,000000	0,000000	0,000000	0,000000	0,000000	0,000000	0,000000	0,000000	0,000000	0,000000	0,000000
8,320657	0,245155	8,010715	8,030201	8,060558	8,115258	8,157042	8,188520	8,357238	8,416936	8,434219	8,470192	8,503038	8,692442	8,732187	0,000000	0,000000	0,000000	0,000000	0,000000	0,000000	0,000000	0,000000	0,000000	0,000000	0,000000	0,000000	0,000000	0,000000	0,000000
8,323537	0,291642	7,985057	7,998956	8,034046	8,072002	8,086015	8,094517	8,136293	8,146684	8,502931	8,510973	8,524747	8,647619	8,685693	8,709424	8,718092	0,000000	0,000000	0,000000	0,000000	0,000000	0,000000	0,000000	0,000000	0,000000	0,000000	0,000000	0,000000	0,000000
8,324573	0,220839	8,007970	8,031491	8,065972	8,078378	8,168970	8,196043	8,224529	8,238556	8,271354	8,277687	8,290938	8,384574	8,425785	8,450055	8,499594	8,565264	8,579606	8,588465	8,821661	0,000000	0,000000	0,000000	0,000000	0,000000	0,000000	0,000000	0,000000	0,000000
8,175151	0,163594	7,990577	8,002821	8,011890	8,019530	8,026230	8,048520	8,057679	8,063443	8,070776	8,077895	8,110578	8,132576	8,180314	8,212618	8,238870	8,245491	8,281665	8,343818	8,366960	8,374653	8,395743	8,600684	0,000000	0,000000	0,000000	0,000000	0,000000	0,000000
8,384555	0,295363	8,027344	8,040999	8,061596	8,221725	8,235195	8,315432	8,344288	8,445432	8,506028	8,754808	8,815596	8,846217	0,000000	0,000000	0,000000	0,000000	0,000000	0,000000	0,000000	0,000000	0,000000	0,000000	0,000000	0,000000	0,000000	0,000000	0,000000	0,000000
8,413803	0,226733	8,022413	8,033721	8,111683	8,146763	8,160744	8,174732	8,194863	8,247754	8,339374	8,417335	8,448980	8,485767	8,493634	8,501830	8,514796	8,526175	8,532268	8,540832	8,543094	8,625177	8,639958	8,692034	8,720946	8,816385	0,000000	0,000000	0,000000	0,000000
8,402555	0,246347	8,073315	8,106678	8,172733	8,196528	8,346303	8,360510	8,526273	8,545486	8,621329	8,732494	8,746461	0,000000	0,000000	0,000000	0,000000	0,000000	0,000000	0,000000	0,000000	0,000000	0,000000	0,000000	0,000000	0,000000	0,000000	0,000000	0,000000	0,000000
8,329848	0,241017	7,982146	7,993630	8,013009	8,093967	8,121036	8,149840	8,167452	8,172235	8,398694	8,412049	8,452756	8,468225	8,480839	8,518213	8,558197	8,612171	8,647701	8,695111	0,000000	0,000000	0,000000	0,000000	0,000000	0,000000	0,000000	0,000000	0,000000	0,000000
8,297964	0,282227	7,989569	8,003530	8,010318	8,029070	8,060095	8,215770	8,236345	8,253135	8,293740	8,321523	8,583444	8,712322	8,722975	8,739653	0,000000	0,000000	0,000000	0,000000	0,000000	0,000000	0,000000	0,000000	0,000000	0,000000	0,000000	0,000000	0,000000	0,000000
8,290141	0,229402	8,016415	8,036788	8,130516	8,180287	8,224336	8,238473	8,333988	8,454257	8,566219	8,720132	0,000000	0,000000	0,000000	0,000000	0,000000	0,000000	0,000000	0,000000	0,000000	0,000000	0,000000	0,000000	0,000000	0,000000	0,000000	0,000000	0,000000	0,000000
